Item_Identifier,Outlet_Identifier,Item_Outlet_Sales
FDW58,OUT049,1722.2603
FDW14,OUT017,1388.68
NCN55,OUT010,631.74335
FDQ58,OUT017,2318.6895
FDY38,OUT027,5899.581
FDH56,OUT046,1741.2114
FDL48,OUT018,621.2394
FDC48,OUT027,2042.3561
FDN33,OUT045,1558.9667
FDA36,OUT017,3018.5854
FDT44,OUT017,1800.8618
FDQ56,OUT045,1352.9485
NCC54,OUT019,609.9309
FDU11,OUT049,2140.2544
DRL59,OUT013,822.08215
FDM24,OUT049,2441.4717
FDI57,OUT045,3406.8196
DRC12,OUT018,2739.8223
NCM42,OUT027,2818.3284
FDA46,OUT010,463.75287
FDA31,OUT013,2774.3875
NCJ31,OUT035,3935.1877
FDG52,OUT046,750.9327
NCL19,OUT019,368.32147
FDS10,OUT035,3144.6045
FDX22,OUT010,571.3068
NCF19,OUT035,748.57513
NCE06,OUT046,2479.3782
DRC27,OUT046,3709.3542
FDE21,OUT035,1846.4885
NCR42,OUT019,-37.156277
FDX51,OUT018,2787.857
NCR06,OUT018,479.91135
FDU31,OUT027,5373.3423
FDU59,OUT017,2770.3855
FDR03,OUT027,5635.279
FDS49,OUT027,2262.889
FDD48,OUT010,335.14758
NCF18,OUT017,3086.0154
NCD43,OUT027,2618.652
NCD54,OUT018,2108.0847
FDY19,OUT010,362.46323
NCY54,OUT017,2850.301
NCL19,OUT018,1915.8021
FDP23,OUT010,519.8433
FDC26,OUT013,1767.2191
FDR14,OUT010,115.243256
NCS41,OUT035,3116.4556
FDF41,OUT035,4401.806
FDU34,OUT046,2059.4158
DRH11,OUT046,824.977
FDM03,OUT013,1722.2212
FDS31,OUT017,3112.3584
FDJ20,OUT017,2169.7537
FDV44,OUT027,5403.144
FDG02,OUT049,3123.8867
FDA09,OUT013,3000.997
FDT04,OUT013,650.8285
FDL58,OUT019,721.46564
FDE52,OUT045,1357.7686
FDW12,OUT035,2374.3496
FDL51,OUT017,3442.8616
NCY42,OUT027,3279.2114
FDR07,OUT017,1622.5831
FDN40,OUT045,2290.2607
FDB35,OUT027,2357.896
FDA22,OUT017,2685.719
NCL06,OUT046,3765.2036
FDI35,OUT013,3033.4236
NCW42,OUT045,3256.757
NCX06,OUT049,2797.0042
FDC37,OUT027,2552.5383
FDZ14,OUT018,1808.4174
DRG49,OUT049,3863.8264
NCG06,OUT045,3580.1008
DRC36,OUT045,2745.7383
FDV21,OUT019,323.24075
FDB53,OUT046,2331.919
DRP47,OUT019,622.3497
FDA14,OUT013,2339.1636
DRC24,OUT035,2471.0906
FDW21,OUT018,1506.3938
NCH29,OUT046,1476.5935
FDU58,OUT013,3087.0361
FDY27,OUT017,2949.262
FDV56,OUT035,1748.642
FDT59,OUT046,4002.1453
FDB23,OUT046,4013.1934
FDR49,OUT045,797.96173
FDB03,OUT010,682.111
FDN39,OUT045,2763.5193
FDX02,OUT027,5343.683
FDQ16,OUT027,2548.9187
FDU35,OUT018,1397.3286
NCT29,OUT013,2069.6482
FDZ27,OUT046,780.7963
FDN57,OUT017,2146.5088
FDA03,OUT018,2058.942
FDZ36,OUT045,3043.173
NCU05,OUT013,1318.7343
FDT39,OUT018,2135.7053
FDK60,OUT017,1551.2847
FDZ25,OUT017,2950.2703
FDG12,OUT046,1930.7477
DRB01,OUT019,464.6974
NCC43,OUT027,5749.488
FDX13,OUT019,864.646
FDM22,OUT049,884.4107
FDJ03,OUT027,1305.5876
FDU14,OUT018,3930.9263
FDB33,OUT010,411.3958
FDP27,OUT046,3044.1985
FDO38,OUT010,211.05904
FDE28,OUT027,5853.2905
FDO27,OUT035,1644.1044
DRL23,OUT027,2235.4023
FDS28,OUT046,813.50665
FDX24,OUT013,1419.4731
FDZ02,OUT035,1569.8466
FDL46,OUT045,1699.6539
FDS60,OUT027,4674.13
NCO06,OUT017,649.28174
FDO16,OUT035,1434.1277
FDC60,OUT049,1425.0326
FDA48,OUT018,3252.731
FDZ36,OUT027,5956.4487
FDK27,OUT045,2051.2195
FDW23,OUT018,443.86066
FDM14,OUT018,1505.8751
FDM14,OUT013,1634.9817
FDW60,OUT018,2683.0076
FDE21,OUT013,1763.1312
NCM42,OUT035,1747.6013
FDY59,OUT010,227.16446
DRI49,OUT049,1370.0709
FDT28,OUT019,404.71405
FDQ22,OUT018,487.43622
FDR60,OUT049,1264.5138
FDC50,OUT019,294.4127
FDV24,OUT013,2342.2295
DRF48,OUT010,444.71286
FDQ47,OUT046,627.1126
DRN36,OUT049,1604.4641
NCY06,OUT035,2130.3384
FDE52,OUT035,1431.308
NCB54,OUT045,2024.3215
NCF31,OUT035,2382.4072
FDJ08,OUT027,5356.3354
NCC07,OUT017,1747.6554
NCD19,OUT027,1380.0333
FDL46,OUT049,1786.7002
FDM20,OUT045,4100.5967
NCI06,OUT010,438.26855
DRM11,OUT035,4067.7654
NCH07,OUT018,2260.4695
FDS23,OUT013,2088.0232
FDO49,OUT018,611.07196
FDS35,OUT049,1069.5343
DRK39,OUT045,1322.5671
DRI39,OUT049,800.92957
FDV04,OUT017,2615.8267
NCN14,OUT035,3131.8076
FDH08,OUT013,3978.448
FDS20,OUT046,2978.786
FDV40,OUT049,1100.5513
FDZ48,OUT010,305.8313
FDS24,OUT027,2372.4775
FDK44,OUT049,2798.8403
FDS48,OUT045,2206.7205
FDK26,OUT010,435.56076
FDD23,OUT045,3009.4358
NCH54,OUT017,2595.904
NCP14,OUT010,282.1882
FDM60,OUT010,30.275427
FDV24,OUT017,2421.211
FDH08,OUT018,3639.0933
FDS12,OUT027,3244.1345
FDR39,OUT027,5260.3027
FDP12,OUT027,1059.4
DRF60,OUT027,5843.0654
FDC09,OUT035,1739.6039
FDF50,OUT018,2751.6274
FDG28,OUT035,4005.3242
NCE19,OUT017,819.09546
NCM53,OUT010,257.89557
NCN18,OUT049,1722.2603
FDF32,OUT035,3105.6763
FDF11,OUT013,4076.9695
DRI59,OUT049,3646.2793
NCG54,OUT035,2687.4387
FDM44,OUT046,1639.4071
FDT57,OUT018,3518.8508
FDV24,OUT046,2327.5056
FDI50,OUT019,597.18286
FDS09,OUT035,912.8254
NCC31,OUT027,3928.2363
FDQ07,OUT019,576.7298
FDC22,OUT017,3139.5142
FDZ56,OUT046,2623.4045
FDZ40,OUT019,122.802704
FDS46,OUT027,2801.251
DRD24,OUT045,2087.193
FDV45,OUT017,3107.411
FDL26,OUT045,2420.5632
FDA56,OUT018,1820.2732
FDN27,OUT046,1742.9131
FDM20,OUT049,4040.1384
FDO16,OUT017,1310.4454
FDL03,OUT035,3163.5454
FDE58,OUT046,1715.5927
FDI02,OUT027,2875.2617
NCC55,OUT019,8.884911
FDR03,OUT018,2796.895
FDB14,OUT017,1648.5483
FDR45,OUT013,3820.865
NCN07,OUT017,2196.7756
FDM51,OUT019,326.9196
FDT52,OUT027,5944.6807
FDL26,OUT046,2379.4446
NCZ42,OUT046,3653.2937
DRI47,OUT019,389.1217
FDW40,OUT013,2108.5215
FDN34,OUT046,2692.5435
FDS01,OUT035,2915.1897
NCG55,OUT045,1698.7023
FDC11,OUT035,1373.2882
FDX35,OUT018,3490.0256
NCB06,OUT046,2465.716
FDR09,OUT019,732.91077
FDC53,OUT017,1539.0873
FDY45,OUT013,3860.0776
FDA22,OUT010,389.08585
FDE02,OUT035,1644.2218
FDW21,OUT045,1649.2582
FDV34,OUT046,1043.5624
FDS59,OUT049,1732.2506
NCW17,OUT017,2184.1707
NCK54,OUT046,1751.0682
FDG17,OUT019,665.76904
FDG35,OUT017,3025.811
FDD08,OUT010,140.26503
NCO07,OUT017,3558.8035
FDJ10,OUT010,324.5608
FDW36,OUT017,1716.3403
FDW21,OUT010,381.4921
FDY19,OUT017,1797.0021
DRE03,OUT013,781.46936
NCC55,OUT049,725.05206
FDH52,OUT010,175.98463
FDO09,OUT017,4488.2944
FDU43,OUT045,3885.2944
FDX09,OUT010,440.8491
FDH40,OUT019,170.65257
FDW58,OUT017,1731.2615
FDC47,OUT017,3837.008
NCR41,OUT035,1633.5034
DRG49,OUT035,3944.2988
FDC52,OUT027,4122.8384
FDY13,OUT046,1098.797
FDY35,OUT013,669.99786
FDI35,OUT017,3157.7283
NCU18,OUT049,2137.5073
FDY33,OUT018,2297.5166
FDC15,OUT027,3904.7368
FDU01,OUT049,3544.228
NCU42,OUT046,2621.5737
NCV29,OUT018,2578.0986
NCY30,OUT017,3165.9001
FDQ46,OUT049,1784.0948
FDG58,OUT027,3875.5176
FDK33,OUT017,3509.3257
NCD07,OUT045,1692.679
NCX29,OUT027,3997.2048
NCT42,OUT013,2380.758
DRN59,OUT035,808.59186
FDI44,OUT035,1300.1564
FDA45,OUT049,2747.5212
FDP31,OUT045,979.5824
FDY01,OUT046,1798.4886
FDT09,OUT018,1861.3368
DRH03,OUT027,2445.617
FDA36,OUT018,2621.408
NCF31,OUT017,2398.1533
FDG14,OUT049,2405.1511
FDG28,OUT027,5944.6807
FDU14,OUT049,4244.917
FDY47,OUT019,412.80328
FDI56,OUT049,1348.7451
DRD01,OUT013,862.65424
FDM22,OUT046,910.02716
FDH33,OUT013,665.3026
DRZ24,OUT013,1687.9231
NCQ38,OUT046,1637.6177
FDO16,OUT027,2345.1106
FDU07,OUT027,3888.351
NCB07,OUT013,2996.2507
FDU48,OUT045,2023.6222
NCM43,OUT045,2540.157
FDR31,OUT010,378.06348
DRK49,OUT018,540.7831
NCI30,OUT010,615.4338
DRD60,OUT017,3225.2583
NCG19,OUT046,3593.0454
FDH12,OUT035,1673.8733
FDM32,OUT035,1526.578
FDM27,OUT035,2642.808
NCU53,OUT027,4327.269
NCQ18,OUT046,1554.9266
FDS10,OUT013,2725.3977
FDB33,OUT027,3966.5225
FDI12,OUT013,1400.5793
NCW42,OUT013,3327.5608
NCC06,OUT018,1841.8115
FDW02,OUT017,2197.174
NCD43,OUT017,1969.0491
FDM57,OUT018,1202.3016
FDA58,OUT017,3880.901
FDK56,OUT046,3003.7117
FDP52,OUT045,4358.141
FDW20,OUT018,1843.6421
FDS52,OUT049,1705.8252
NCT29,OUT018,1742.362
NCL54,OUT013,2733.4548
FDC05,OUT045,3043.2524
FDF34,OUT035,3246.8254
FDP03,OUT027,3236.4248
FDD32,OUT010,156.83606
FDZ10,OUT045,2051.2195
FDZ40,OUT035,866.27374
FDD51,OUT018,480.97983
NCY30,OUT019,420.7567
FDP58,OUT017,3487.174
FDV49,OUT017,4396.3994
FDY24,OUT019,150.10982
NCO55,OUT017,1740.5667
FDR13,OUT017,2044.937
FDS51,OUT017,1060.4778
FDP26,OUT045,1652.1693
NCB54,OUT027,3231.376
FDF32,OUT017,3121.4224
FDN31,OUT018,2724.2449
DRM48,OUT017,656.2568
FDN20,OUT049,2728.2876
DRL01,OUT046,4198.1416
FDV56,OUT049,1761.1301
DRH13,OUT027,2565.8425
FDA03,OUT017,2415.0266
FDF47,OUT027,5278.8086
FDX32,OUT046,2347.273
FDX57,OUT049,1618.9589
NCA30,OUT045,2999.3274
FDO49,OUT013,796.0974
FDL04,OUT019,283.17465
DRM48,OUT035,680.7747
FDR16,OUT013,3414.104
NCC19,OUT018,2711.7324
NCE42,OUT045,3736.797
FDY24,OUT017,924.9801
FDH19,OUT049,2886.141
FDJ46,OUT013,2745.715
FDN45,OUT010,643.8258
FDY08,OUT035,2125.8354
FDZ37,OUT035,1456.8358
NCT30,OUT045,749.26556
DRY23,OUT018,504.773
NCZ30,OUT018,1841.8115
FDC44,OUT018,1553.1787
FDB45,OUT035,1749.4319
FDY04,OUT013,2437.743
FDM27,OUT046,2440.8748
FDZ43,OUT017,3886.3135
FDT39,OUT019,432.3356
NCC06,OUT019,298.27316
FDL15,OUT027,3903.6057
FDL57,OUT017,4473.8984
FDU08,OUT046,1556.8173
FDK40,OUT017,4246.0605
FDQ12,OUT010,627.5196
FDS48,OUT017,2457.8403
FDP09,OUT045,3423.1118
FDW21,OUT049,1667.2496
FDY25,OUT035,3177.9023
DRE13,OUT017,1444.291
FDV43,OUT019,10.715558
FDD22,OUT045,1733.4705
FDM46,OUT019,261.3636
NCO30,OUT010,464.0088
FDM25,OUT046,2812.9712
NCN41,OUT049,2124.9023
FDU24,OUT045,1471.7672
FDZ50,OUT046,3012.9841
FDP45,OUT013,4021.3503
NCM54,OUT045,2017.3466
FDW10,OUT019,434.8605
FDP20,OUT017,2128.7595
FDK32,OUT046,2313.4563
FDN52,OUT049,1410.451
FDM58,OUT045,1761.1295
FDZ46,OUT027,2819.4736
NCA18,OUT018,1533.3555
FDD35,OUT046,2090.5269
NCK31,OUT035,873.03485
FDI40,OUT027,2586.281
FDT50,OUT019,200.16013
NCT06,OUT046,2477.8657
FDT31,OUT035,3144.86
FDT45,OUT049,867.84265
FDT13,OUT045,3071.4219
FDO50,OUT045,1332.3651
NCU18,OUT010,252.87218
NCR54,OUT049,3069.402
NCO18,OUT018,2482.322
FDU09,OUT045,843.2557
FDT13,OUT018,2783.827
FDE09,OUT046,1752.8988
NCK53,OUT019,267.90277
FDG45,OUT049,3480.593
DRH15,OUT035,742.65063
FDO21,OUT019,629.692
FDD14,OUT027,5380.949
FDC09,OUT046,1667.4495
FDH45,OUT027,1115.0988
FDV32,OUT046,1123.8971
FDG12,OUT035,1818.2263
FDS32,OUT013,2119.8274
NCL55,OUT018,3601.9844
DRE01,OUT035,3892.659
DRE15,OUT049,1318.9442
NCL42,OUT045,3538.1887
FDP31,OUT013,998.98096
FDN33,OUT018,1307.5487
FDZ59,OUT046,2531.0068
FDE45,OUT010,420.5132
FDJ07,OUT013,1712.29
FDQ45,OUT018,2821.6858
FDM33,OUT027,5224.804
FDO15,OUT010,181.34921
FDM46,OUT013,1506.2059
FDR03,OUT045,3084.49
FDY49,OUT018,2453.6123
FDQ60,OUT045,1727.0426
FDW10,OUT049,2862.7725
FDO51,OUT049,759.01697
FDJ40,OUT018,1488.8049
FDS20,OUT018,2729.88
FDU45,OUT013,1694.0802
FDV02,OUT035,2692.7046
FDN09,OUT046,3693.8306
NCM55,OUT027,5341.675
FDN23,OUT018,2079.807
FDY31,OUT010,390.89743
FDW03,OUT010,340.97
FDD14,OUT046,3055.2185
FDV23,OUT017,2163.2905
DRI03,OUT045,2839.6794
FDN13,OUT035,1617.5535
FDF45,OUT027,1832.3257
FDU46,OUT035,1514.588
FDB57,OUT049,3607.9944
FDV12,OUT049,1762.6859
FDQ58,OUT013,2240.628
NCA18,OUT017,1802.2615
FDH52,OUT049,1117.9021
FDM24,OUT018,2094.3884
NCP43,OUT027,5348.6445
NCO18,OUT019,344.2202
FDM32,OUT017,1401.0189
NCL07,OUT017,688.3201
FDK03,OUT013,3952.02
FDP59,OUT017,1741.2518
FDQ24,OUT049,4000.4656
FDQ16,OUT018,1485.2596
FDU44,OUT013,2492.1882
FDH28,OUT010,34.13545
FDV28,OUT019,-3.2335758
FDM22,OUT045,809.9718
FDR56,OUT046,3024.21
FDV39,OUT049,3126.47
FDU37,OUT019,212.6321
FDQ11,OUT010,1076.1489
FDX02,OUT045,3405.0588
NCS42,OUT018,1274.3058
FDY57,OUT027,2489.424
FDB21,OUT049,3855.48
FDE28,OUT017,3918.0796
FDQ55,OUT017,1867.188
FDA48,OUT049,3497.0325
FDZ19,OUT045,2664.7908
NCC43,OUT045,3346.5989
NCV18,OUT046,1360.284
NCA42,OUT018,2311.1335
FDY45,OUT046,3892.4053
NCC30,OUT045,2792.641
FDM57,OUT013,1371.3372
FDL09,OUT010,393.75986
FDB09,OUT027,3179.21
FDT44,OUT035,1781.5977
NCT06,OUT027,3946.4888
FDX26,OUT049,3234.9136
FDK32,OUT013,2299.0981
DRA12,OUT046,2078.3916
FDO46,OUT010,493.99963
FDE52,OUT013,1377.1671
NCH42,OUT045,4121.9106
FDV08,OUT035,726.9037
FDB47,OUT018,3217.4648
FDC28,OUT010,300.67123
FDD22,OUT046,1749.4092
FDS07,OUT027,2856.077
DRI13,OUT045,3423.1118
FDG32,OUT018,3245.067
FDU14,OUT017,4149.1016
FDD28,OUT019,57.48849
NCP41,OUT017,1810.363
FDS08,OUT049,2814.9807
FDX47,OUT045,2551.7644
FDC53,OUT019,49.251602
FDQ19,OUT035,4261.9478
FDL14,OUT045,2427.5496
FDM33,OUT019,541.8977
FDA51,OUT045,1693.9065
FDZ27,OUT018,621.9928
FDT04,OUT046,640.59607
DRC13,OUT049,2186.7766
FDR16,OUT027,5432.957
FDQ03,OUT027,6035.508
FDE38,OUT035,2681.303
DRH23,OUT027,1418.8333
FDT11,OUT019,421.99472
FDD09,OUT035,2928.577
FDR40,OUT045,1422.1743
FDX07,OUT017,3204.681
FDR07,OUT035,1535.7354
FDA51,OUT017,1790.1682
FDT59,OUT019,805.2702
FDF20,OUT017,3168.2827
FDR13,OUT045,1761.2893
FDY26,OUT049,3609.7236
FDW04,OUT017,2158.1162
FDK52,OUT017,3826.777
FDN60,OUT049,2623.3608
FDM09,OUT019,419.00775
FDP46,OUT049,1437.241
FDB50,OUT019,204.12595
NCQ29,OUT049,4056.7515
FDP16,OUT027,5979.1274
FDX33,OUT018,2297.5166
FDP07,OUT010,468.9526
FDN22,OUT046,3970.1895
FDF39,OUT049,3962.9944
FDS21,OUT017,1053.2642
NCM42,OUT013,1664.244
FDK50,OUT019,358.10135
DRF13,OUT027,3935.2114
FDH35,OUT018,2271.2483
FDP60,OUT018,1364.8685
DRJ49,OUT027,3355.2656
NCT42,OUT019,404.93256
FDE38,OUT049,2664.8325
FDI04,OUT049,3114.5857
NCH54,OUT045,2486.3215
FDT56,OUT049,896.6237
DRD15,OUT018,3432.8225
FDV58,OUT013,3052.06
FDP21,OUT049,3161.446
FDH05,OUT013,3882.799
FDR10,OUT027,4035.6013
NCP06,OUT045,2294.594
FDF33,OUT049,1780.3678
DRK37,OUT013,3052.06
DRH49,OUT045,1339.153
FDT58,OUT013,2587.7207
FDD41,OUT018,1461.3815
FDP40,OUT018,1513.7908
FDM51,OUT027,2593.17
FDO45,OUT010,161.98045
FDW33,OUT010,246.63434
FDY24,OUT045,900.86096
FDB10,OUT010,631.74335
FDM40,OUT035,2098.2786
NCI06,OUT017,3098.9202
FDW12,OUT019,416.24188
FDX48,OUT027,3997.8914
NCW05,OUT027,2565.7827
FDX27,OUT017,1647.8562
DRM37,OUT045,3080.9705
FDA38,OUT045,3983.4246
FDR36,OUT046,678.1579
FDZ45,OUT046,3003.086
FDG05,OUT017,2591.583
FDK28,OUT013,3991.052
FDV47,OUT045,1324.2764
FDN21,OUT045,2493.2966
FDP20,OUT027,3299.5898
FDI35,OUT045,3048.1458
DRY23,OUT013,647.828
FDA56,OUT017,2155.6577
FDB09,OUT013,2045.3483
NCO26,OUT027,2801.8242
FDQ49,OUT018,2259.8555
FDI52,OUT027,3213.0266
FDZ44,OUT027,2795.6667
FDZ09,OUT018,2285.9092
FDY03,OUT049,1857.45
NCG42,OUT017,2165.0603
DRI13,OUT027,5361.736
FDQ32,OUT013,2056.9556
FDW16,OUT035,1360.5641
FDU27,OUT046,822.6751
FDR28,OUT010,403.14102
FDQ49,OUT010,371.41904
FDS37,OUT046,1811.3392
FDW26,OUT018,3242.2185
FDX12,OUT018,3780.4988
NCP06,OUT013,2320.7651
FDW45,OUT010,396.04184
NCN30,OUT049,1632.3374
FDN24,OUT049,838.39764
NCL41,OUT027,1079.8335
FDR02,OUT019,266.17975
FDD09,OUT010,526.37274
FDS33,OUT010,217.9055
FDU22,OUT045,1818.3341
FDI53,OUT013,2522.2583
DRH01,OUT049,2803.9846
FDX32,OUT013,2103.3772
NCP30,OUT018,480.46118
FDB60,OUT045,3050.5403
FDB14,OUT049,1517.9373
NCP02,OUT035,887.90106
FDJ10,OUT017,2178.612
FDG34,OUT046,1777.0682
NCB18,OUT017,1420.3922
FDM16,OUT049,1119.1669
FDW25,OUT018,1280.0327
FDB35,OUT010,179.51744
DRN11,OUT013,1934.5114
FDF41,OUT019,974.89417
FDH16,OUT045,1324.2764
NCQ50,OUT018,3090.341
DRH23,OUT018,680.71375
DRJ37,OUT013,2340.8728
DRJ24,OUT027,5381.126
FDY16,OUT035,3121.98
FDQ27,OUT045,1681.7997
FDZ33,OUT045,2329.3625
FDF29,OUT045,2098.8005
FDA08,OUT049,2566.5981
FDG31,OUT046,1031.6287
FDE34,OUT019,341.5133
NCR30,OUT027,2042.5065
FDV33,OUT035,4066.4697
DRZ24,OUT018,1825.4176
NCL54,OUT035,2815.707
FDR12,OUT049,2912.33
NCC54,OUT046,3778.595
DRN59,OUT013,795.9834
FDX50,OUT019,302.547
FDV31,OUT027,4611.743
NCA29,OUT027,4726.222
FDW60,OUT049,2906.7866
FDX08,OUT017,3193.0735
DRD49,OUT013,3745.7246
FDD33,OUT046,3790.7278
FDW35,OUT013,655.92224
FDJ36,OUT017,1785.2198
FDV51,OUT035,2756.9663
FDW36,OUT046,1622.6965
FDH35,OUT046,2490.157
NCS30,OUT027,3267.6653
FDN49,OUT017,701.22675
FDL08,OUT018,3504.0872
FDI09,OUT013,3993.8257
FDP19,OUT018,1803.2725
FDU21,OUT010,-1.0257274
NCP41,OUT045,1700.7805
FDY10,OUT013,1725.8251
FDP12,OUT018,449.07422
NCN26,OUT049,1842.6858
FDK44,OUT013,2774.3875
FDC28,OUT049,1720.6433
FDJ41,OUT027,6515.844
NCT29,OUT035,2137.3135
NCH42,OUT019,601.38513
FDU60,OUT018,2404.718
FDS02,OUT045,3041.5432
FDC51,OUT046,2150.7048
FDU03,OUT013,3087.6145
FDX39,OUT045,3403.1135
NCY05,OUT010,-27.996296
NCL06,OUT027,6574.266
FDD32,OUT035,1465.6287
NCN41,OUT045,2024.3215
NCX53,OUT049,2164.4055
FDU57,OUT019,448.65936
FDQ23,OUT046,1660.9866
FDQ52,OUT045,4234.66
FDC14,OUT045,655.7162
FDY09,OUT035,2983.9175
FDQ28,OUT045,2504.904
FDV25,OUT046,3479.8804
FDJ07,OUT035,1828.264
DRB25,OUT049,1739.7992
FDK52,OUT019,424.60577
FDY52,OUT027,1789.3362
FDB28,OUT046,2918.1333
FDT36,OUT035,646.03534
FDV25,OUT017,3731.708
NCN07,OUT027,3309.5552
FDC57,OUT017,3113.874
FDQ03,OUT018,3704.1814
FDU23,OUT017,2757.0203
NCX41,OUT035,3532.6404
NCD06,OUT035,835.26074
FDW08,OUT045,1648.7341
NCU29,OUT017,2471.1445
NCE06,OUT013,2494.102
FDV52,OUT010,345.43494
FDB02,OUT017,3102.9795
NCR18,OUT045,639.65784
FDK16,OUT049,1608.9685
NCQ29,OUT010,731.9663
FDZ01,OUT019,318.63858
FDW27,OUT035,2601.579
FDD17,OUT018,3664.301
FDW39,OUT013,2876.6855
DRH59,OUT045,942.8444
FDS52,OUT013,1631.415
FDU40,OUT027,5540.532
NCF54,OUT013,2738.74
FDH46,OUT045,1639.7313
NCP14,OUT049,1704.5029
FDH50,OUT049,3544.228
DRF15,OUT010,375.1769
FDV27,OUT027,2396.9324
NCJ06,OUT049,2175.1692
FDN02,OUT018,2736.9666
FDQ51,OUT049,898.703
FDQ07,OUT017,3394.187
FDS45,OUT049,1654.5391
NCJ06,OUT045,2067.613
FDD36,OUT035,1816.8934
FDY25,OUT045,3096.2126
FDU52,OUT046,2372.9517
DRK47,OUT017,3806.6628
NCL30,OUT017,2126.9287
FDN22,OUT035,4192.954
NCF30,OUT027,3258.2175
FDK03,OUT035,4177.2964
FDT45,OUT017,894.69635
NCC54,OUT027,5833.39
FDP08,OUT018,2750.5132
FDU44,OUT046,2477.4644
DRG39,OUT035,847.01654
FDU32,OUT049,2170.025
FDY27,OUT049,2813.5034
NCP54,OUT013,2007.9822
NCZ41,OUT049,2144.058
DRL49,OUT013,2321.717
FDI05,OUT018,1092.8356
FDY56,OUT045,3746.5703
DRC13,OUT013,2112.3667
NCV29,OUT017,2933.7751
FDR24,OUT049,1460.3289
FDZ34,OUT018,2729.3892
FDP37,OUT035,2120.838
FDX08,OUT027,5348.6445
FDS57,OUT045,2070.743
NCG18,OUT049,1745.6292
FDK25,OUT018,2483.9224
FDH53,OUT049,1426.6366
DRI59,OUT018,3234.1116
FDA52,OUT046,2776.4153
FDT20,OUT010,2.043405
FDE36,OUT019,389.87964
FDI24,OUT017,2849.565
FDB28,OUT018,2610.6135
FDV11,OUT017,2850.0356
FDP01,OUT046,2327.8887
FDD34,OUT027,3790.6333
FDJ50,OUT027,1373.9921
FDZ44,OUT013,1694.0873
DRO59,OUT035,1022.12683
DRB48,OUT045,619.59894
FDR21,OUT018,2531.2383
NCE42,OUT010,815.13025
FDO23,OUT046,1454.7445
NCE30,OUT018,3058.1416
FDQ22,OUT035,769.8261
FDY01,OUT045,1745.7222
FDS08,OUT017,2922.8325
FDG28,OUT018,3493.874
FDQ51,OUT018,655.25696
FDB05,OUT017,3858.1536
FDO56,OUT049,1806.6981
FDE02,OUT018,1290.8024
FDN45,OUT017,3579.4521
FDS09,OUT013,758.16455
NCA54,OUT018,2848.6228
FDP09,OUT010,480.6328
FDC53,OUT045,1522.654
NCM55,OUT017,3126.5667
FDL09,OUT018,2404.7974
FDA11,OUT019,240.33153
FDA50,OUT045,1484.4102
FDC23,OUT017,2909.1987
FDE22,OUT049,2626.1511
FDD23,OUT046,2995.5376
NCA29,OUT049,2886.141
FDK38,OUT046,2360.2888
DRC13,OUT046,2102.1343
NCP43,OUT049,2797.3396
FDX28,OUT049,1605.478
FDF08,OUT049,1440.6029
FDZ33,OUT046,2340.8098
FDD10,OUT049,2640.2334
FDO58,OUT017,2609.25
FDI50,OUT017,4275.2803
FDO58,OUT045,2606.9482
FDX08,OUT013,3068.7688
NCK17,OUT010,7.187793
FDF39,OUT035,4312.3384
FDU45,OUT010,379.21475
NCJ18,OUT018,1476.2025
DRC27,OUT019,531.1949
DRC25,OUT035,1403.5587
FDU59,OUT035,2599.1458
FDU28,OUT035,3548.9106
NCP30,OUT046,639.2647
FDB39,OUT018,652.80585
FDE41,OUT013,1371.3372
DRH11,OUT010,111.759415
FDA58,OUT045,3781.6543
FDU50,OUT046,1744.6466
FDM34,OUT013,2082.2532
FDM44,OUT027,2565.8425
FDR39,OUT045,3043.7856
FDM25,OUT045,2816.1108
FDQ49,OUT049,2567.898
DRH25,OUT018,627.87317
FDM09,OUT027,4630.0103
FDL44,OUT019,405.40723
NCR42,OUT018,407.56992
DRL59,OUT046,832.80914
FDX43,OUT013,2582.5764
DRK47,OUT010,494.09055
FDU48,OUT018,1777.12
FDY12,OUT045,809.9785
NCN43,OUT018,1825.4176
NCM55,OUT018,2754.18
FDQ21,OUT027,3206.1082
FDX13,OUT035,4045.77
NCK30,OUT027,5750.834
FDG20,OUT049,2810.4478
DRG27,OUT017,691.0114
FDY14,OUT018,3666.1077
FDP59,OUT035,1704.0701
FDU60,OUT017,2873.1018
NCC18,OUT019,393.4925
DRJ39,OUT017,3916.6953
FDS07,OUT049,1778.9504
FDM08,OUT027,5390.714
FDP51,OUT045,2057.0952
FDU16,OUT035,1390.6298
FDH12,OUT013,1627.6437
DRE48,OUT010,511.77667
NCL42,OUT027,5899.467
FDR21,OUT045,2753.2866
NCW29,OUT035,2196.7217
FDO11,OUT013,4166.7993
NCM31,OUT049,2156.663
FDV35,OUT019,386.19998
FDF58,OUT017,1034.6486
NCE43,OUT049,2651.2754
FDA02,OUT035,2500.7954
DRL37,OUT010,-1.0459248
FDR24,OUT018,1178.7555
FDW59,OUT049,1443.0709
FDS22,OUT049,757.9585
FDW24,OUT017,889.3194
FDU24,OUT035,1623.4475
FDA21,OUT027,5485.374
FDH58,OUT027,2918.0576
FDW36,OUT018,1463.8934
FDI45,OUT027,4786.5444
FDU01,OUT018,3180.7996
FDF35,OUT027,2565.7827
FDU43,OUT019,695.8974
FDE24,OUT019,333.05685
FDK50,OUT049,2623.5679
FDG31,OUT045,1050.0583
FDC60,OUT045,1381.1808
FDL36,OUT013,1349.5266
FDP21,OUT013,3087.0361
FDW16,OUT045,1302.717
FDX02,OUT017,3941.7686
FDQ58,OUT027,3788.1062
FDT51,OUT046,1697.3519
FDD59,OUT049,1321.6206
NCM42,OUT018,1495.2085
FDA57,OUT018,470.5122
FDZ48,OUT035,1675.3558
FDE46,OUT045,2162.3042
NCZ30,OUT019,298.27316
FDB56,OUT017,3133.0298
FDA25,OUT027,2598.6804
FDD20,OUT013,2072.2463
FDL25,OUT013,1462.2865
NCO18,OUT049,2886.141
FDJ45,OUT017,1039.3815
FDR12,OUT035,2761.7202
NCF19,OUT010,94.577736
FDK25,OUT046,2702.831
NCR17,OUT046,1758.0432
FDC52,OUT046,2365.351
NCA54,OUT017,3132.6567
FDR45,OUT010,597.927
NCM19,OUT049,1800.2352
FDF39,OUT027,6641.28
FDX23,OUT049,1619.0332
FDD58,OUT027,2458.2668
FDX28,OUT013,1663.6146
NCD31,OUT013,2345.5083
FDU57,OUT018,2071.5732
FDI27,OUT046,727.6489
NCM42,OUT046,1654.0116
FDD32,OUT027,2233.241
FDI34,OUT013,3945.9165
NCM29,OUT049,2187.7742
FDG46,OUT018,1594.3883
DRC01,OUT010,135.04468
FDB15,OUT027,6392.5034
NCA17,OUT027,3869.1953
FDF10,OUT046,2384.7554
FDR26,OUT027,4514.861
FDI02,OUT049,1793.1189
NCM54,OUT010,298.97638
FDF14,OUT013,2395.3105
FDJ33,OUT010,347.76956
FDM20,OUT035,4120.6104
FDC03,OUT027,5406.73
NCX05,OUT046,1658.786
NCM41,OUT027,2281.402
NCU29,OUT010,272.03824
FDQ59,OUT017,1427.8115
FDH46,OUT010,285.49847
FDH09,OUT013,880.33466
NCD06,OUT045,763.9263
FDC15,OUT035,2496.002
DRD37,OUT027,1200.3939
FDT28,OUT027,3888.351
FDR28,OUT027,4001.4985
FDT38,OUT017,1417.596
FDV34,OUT027,2131.2266
FDY52,OUT035,1055.5752
FDB34,OUT013,1368.6608
DRL23,OUT018,1302.7115
DRB24,OUT046,2357.26
FDJ50,OUT046,909.8939
FDQ49,OUT035,2375.7102
FDP20,OUT035,2113.0134
FDV19,OUT027,3915.6958
NCR54,OUT045,2976.4329
FDO09,OUT010,737.19244
FDS57,OUT018,1824.2407
FDN10,OUT049,1767.6185
FDV23,OUT049,2108.762
FDY28,OUT049,3429.666
DRG51,OUT013,2567.905
FDD45,OUT019,256.21918
NCL18,OUT027,5354.2354
NCM29,OUT013,2113.3643
FDF17,OUT027,5361.579
FDE22,OUT017,2649.7395
FDQ22,OUT017,651.8563
FDS01,OUT013,2843.3542
FDW35,OUT027,1097.2118
FDJ33,OUT046,2048.1196
NCF54,OUT035,2820.9922
FDE09,OUT013,1666.0746
NCE06,OUT045,2482.5178
DRH49,OUT049,1418.1302
FDY43,OUT045,2610.094
NCT05,OUT017,4007.4924
FDZ34,OUT045,3016.9841
FDL38,OUT017,1517.4712
FDZ31,OUT017,3143.2607
FDR14,OUT035,912.1025
NCN54,OUT049,1318.9442
NCC42,OUT027,3259.2883
FDK08,OUT017,1766.5427
FDP59,OUT013,1657.8405
FDV22,OUT035,2723.138
FDD33,OUT035,3986.8523
DRE60,OUT027,5584.083
FDK52,OUT046,3709.024
FDA02,OUT017,2493.2024
FDM56,OUT049,1734.6548
FDE57,OUT035,2229.2322
FDM32,OUT045,1344.1178
NCQ30,OUT027,3222.5017
FDQ27,OUT027,2756.0146
FDT60,OUT027,3185.0615
FDU43,OUT049,3982.1274
NCO55,OUT035,1724.8202
FDG02,OUT045,3048.0532
FDJ28,OUT013,3075.4287
FDP40,OUT045,1753.7118
FDJ38,OUT045,3042.5398
NCC54,OUT017,3778.2434
NCZ41,OUT046,2059.4158
FDK38,OUT019,412.80026
FDU52,OUT013,2387.6755
FDC40,OUT046,1235.2688
NCR30,OUT017,1099.0757
NCN18,OUT017,1831.648
FDB50,OUT035,1330.8286
FDG04,OUT013,2930.0583
FDR26,OUT035,2721.4102
NCT17,OUT018,2735.76
FDX35,OUT027,4946.6895
FDS12,OUT046,2044.9486
NCZ29,OUT027,3250.5317
FDB38,OUT010,369.70847
FDP12,OUT013,618.1101
FDP22,OUT046,791.11926
FDS26,OUT018,3432.2515
FDR52,OUT046,3014.6934
DRJ13,OUT046,2490.157
FDU48,OUT027,3245.9841
FDE29,OUT035,1031.3467
NCT29,OUT049,2144.058
DRK37,OUT018,2710.2334
FDK55,OUT046,1374.1483
FDR07,OUT046,1536.7205
FDO21,OUT027,5962.2866
FDK46,OUT049,4194.0005
FDB12,OUT045,1623.0999
FDT31,OUT027,5355.735
FDJ33,OUT045,2032.1809
FDC26,OUT027,2861.1948
NCQ02,OUT045,3008.1582
FDP08,OUT010,470.21558
FDB11,OUT027,5537.0845
FDV55,OUT013,2316.5728
FDW20,OUT049,2170.025
NCJ18,OUT019,316.26572
FDC41,OUT018,876.045
FDE14,OUT027,2604.5103
FDG35,OUT013,2832.3767
FDF45,OUT035,936.07837
FDS19,OUT027,2145.149
FDS58,OUT019,475.5056
FDA26,OUT017,3545.4045
FDM32,OUT049,1437.9265
FDL45,OUT046,2143.8738
FDZ55,OUT049,2621.0068
FDY37,OUT049,2196.7983
FDO46,OUT046,2930.9282
FDQ60,OUT046,1958.4738
FDA19,OUT018,1785.2798
FDL15,OUT046,2341.4036
FDM10,OUT018,3167.987
NCL05,OUT017,663.3343
DRK49,OUT010,7.187793
NCE18,OUT027,6025.8335
FDG40,OUT049,663.0204
DRI59,OUT045,3435.5635
FDK28,OUT035,4169.653
NCD06,OUT019,114.33553
FDO11,OUT019,744.641
FDK27,OUT046,1925.3667
FDT43,OUT027,1346.9315
FDD38,OUT018,1549.8894
FDA16,OUT049,3509.106
FDL14,OUT027,3954.3962
NCM17,OUT049,711.47424
FDD20,OUT045,2069.4438
FDA40,OUT045,1422.1743
FDL43,OUT045,1240.8555
FDV15,OUT045,1696.05
FDE52,OUT046,1366.9347
NCL17,OUT010,410.70264
NCJ31,OUT045,3774.7212
FDR60,OUT045,1220.662
NCA18,OUT035,1786.515
FDS21,OUT027,1807.9518
FDW09,OUT035,1381.4232
FDL26,OUT035,2453.7668
FDS47,OUT018,1208.4559
FDC39,OUT046,3116.845
FDT51,OUT035,1769.5063
FDK40,OUT035,4134.6978
NCG19,OUT045,3545.7761
FDZ07,OUT046,889.0019
FDF08,OUT027,2357.896
FDO04,OUT013,845.50415
FDK41,OUT018,1208.4559
FDP15,OUT049,4332.3945
NCD43,OUT018,1716.6022
NCP18,OUT013,2380.758
FDZ51,OUT046,1577.7155
DRH13,OUT035,1754.5763
FDF38,OUT045,672.64014
NCI43,OUT045,771.0853
FDM38,OUT027,1539.88
FDS03,OUT013,1072.5919
DRJ47,OUT017,2753.9102
FDT50,OUT010,206.14874
FDV02,OUT046,2748.4377
NCG18,OUT017,1752.5258
FDW52,OUT046,2586.2224
FDS40,OUT035,680.56024
FDN31,OUT017,3121.4224
FDA37,OUT045,2043.506
FDA15,OUT046,4436.4727
FDL39,OUT046,2986.6777
FDJ53,OUT045,2043.4774
FDX22,OUT013,3495.7812
NCZ42,OUT045,3736.797
FDD56,OUT027,4669.1123
FDD40,OUT017,3233.605
FDS50,OUT013,3416.643
NCN14,OUT013,3076.8508
FDT15,OUT013,2975.3733
NCS18,OUT027,2541.9436
NCO26,OUT010,375.2934
FDF58,OUT018,805.90906
NCB19,OUT013,1347.6221
FDH26,OUT017,2304.223
DRB24,OUT027,3935.2114
FDA49,OUT018,1220.8558
FDB32,OUT045,1533.3843
FDI36,OUT017,3570.3997
NCA17,OUT010,396.04184
FDH22,OUT013,2075.4182
NCM26,OUT018,2091.6912
FDT15,OUT027,5377.2285
FDB16,OUT018,1172.9302
NCP54,OUT027,3136.699
FDJ36,OUT013,1706.2385
FDO28,OUT045,1901.6855
FDU09,OUT013,840.4641
FDF29,OUT017,2166.696
FDY08,OUT013,2087.5532
DRJ59,OUT018,482.4081
FDT23,OUT027,2145.149
FDU15,OUT018,475.1983
FDT47,OUT013,1569.5345
FDI53,OUT019,512.3224
FDR59,OUT018,3742.28
FDD53,OUT035,676.8958
FDY51,OUT017,3512.2856
FDT04,OUT049,675.2816
FDU51,OUT049,2934.714
FDG14,OUT035,2385.5996
NCU06,OUT045,3548.3923
DRG25,OUT046,3034.197
DRH49,OUT035,1444.2369
FDN15,OUT035,2196.7217
FDL43,OUT018,1091.2185
NCT18,OUT049,3102.4265
NCB31,OUT013,3889.6895
FDK57,OUT035,2069.7632
FDY04,OUT019,375.29813
NCP54,OUT046,1997.7498
FDF41,OUT013,3795.1865
FDM01,OUT045,1751.2618
FDW03,OUT045,1672.3751
FDF28,OUT045,2049.7683
FDY37,OUT017,2390.0256
FDQ03,OUT017,4087.449
FDP51,OUT027,3037.91
FDJ40,OUT017,1741.2518
FDC32,OUT049,1484.2858
DRI49,OUT027,2251.6265
NCW54,OUT017,1074.383
FDF09,OUT017,646.1621
FDP45,OUT018,3719.3362
DRJ23,OUT018,2712.1265
FDS59,OUT017,1741.2518
FDY08,OUT046,2077.3208
FDX16,OUT049,2415.2827
FDY16,OUT018,2761.9836
FDK32,OUT035,2560.5928
FDQ22,OUT013,656.4721
NCC31,OUT018,2311.1335
FDG58,OUT049,2380.3108
DRF48,OUT013,3009.4126
DRH36,OUT049,1110.6605
NCR30,OUT035,1083.3292
FDB03,OUT019,676.12244
FDZ28,OUT027,3242.9834
FDR35,OUT017,3173.427
DRD15,OUT027,5807.641
FDJ33,OUT019,383.01
FDA56,OUT010,307.7673
FDP56,OUT046,741.10675
NCT30,OUT046,758.4317
FDK15,OUT017,1784.7675
FDH44,OUT018,2225.997
FDV01,OUT013,2382.4194
DRG03,OUT017,2422.575
FDG50,OUT027,2248.4343
FDR16,OUT010,530.28735
FDZ60,OUT046,1656.5131
DRG03,OUT045,2312.9924
FDS56,OUT018,4016.186
FDU33,OUT045,754.00824
DRD27,OUT035,1655.5514
FDW22,OUT046,3749.91
DRA24,OUT045,2511.275
FDF38,OUT049,756.28815
FDX48,OUT013,2377.4949
FDS58,OUT018,2329.716
FDC32,OUT046,1449.6001
NCQ29,OUT045,3844.4944
DRK39,OUT018,1172.9302
NCS38,OUT017,1813.1836
DRO47,OUT013,1718.6123
DRG27,OUT027,1104.8832
FDC57,OUT027,5432.7754
FDS55,OUT046,2321.0046
NCJ06,OUT018,1680.6957
FDO01,OUT019,423.40778
NCM55,OUT045,3016.9841
FDC52,OUT049,2522.321
FDQ15,OUT045,1383.8301
NCT30,OUT027,1291.8156
NCR42,OUT027,1017.89575
FDD28,OUT035,920.5302
FDQ34,OUT049,1646.1501
FDZ12,OUT027,3279.8008
DRE13,OUT019,128.32999
NCN07,OUT019,337.21
FDM28,OUT035,3090.1492
FDI10,OUT017,2874.4766
FDQ25,OUT013,2678.2068
FDA38,OUT010,457.65512
DRI13,OUT049,3509.106
FDY20,OUT027,2357.896
NCZ53,OUT035,3173.373
NCM31,OUT013,2340.8728
DRB01,OUT017,3102.1257
DRF37,OUT046,3917.4211
NCF42,OUT049,2745.6318
FDF16,OUT018,2043.7584
FDB41,OUT013,784.3319
FDR34,OUT013,3819.1973
FDR15,OUT018,2249.4053
NCV42,OUT019,335.4883
FDW51,OUT035,3498.7246
FDU36,OUT017,1524.1661
FDX60,OUT049,1398.9961
FDY03,OUT035,1829.2694
FDW55,OUT045,4529.1177
FDT01,OUT010,368.44644
FDG58,OUT013,2374.842
FDK21,OUT017,3890.6743
NCS41,OUT019,370.98276
FDS10,OUT045,3002.8325
NCT53,OUT046,2471.0012
FDJ28,OUT018,2776.2495
FDX44,OUT045,1269.2832
FDT20,OUT018,465.3678
FDO44,OUT017,1720.7523
NCX17,OUT049,3828.5303
FDY01,OUT017,2016.0491
FDJ12,OUT027,5512.715
DRK35,OUT018,431.07196
FDD47,OUT019,387.77127
NCM53,OUT035,1713.8981
FDO45,OUT013,1340.7399
NCM42,OUT010,278.34412
FDE04,OUT046,2918.437
NCI30,OUT027,5204.786
FDZ19,OUT013,2710.198
FDW57,OUT013,2791.1392
FDA25,OUT013,1774.4323
FDT22,OUT046,858.5764
FDP51,OUT013,1725.9819
FDD48,OUT027,2851.4065
FDY39,OUT035,3141.0383
FDO48,OUT010,577.5187
FDD23,OUT027,5348.536
DRN35,OUT027,959.051
FDT01,OUT035,3457.194
FDC20,OUT010,108.7723
DRJ35,OUT035,1061.2349
FDB32,OUT046,1440.7694
FDL24,OUT046,2807.447
NCV42,OUT035,1844.658
FDZ46,OUT046,1655.1566
FDC15,OUT013,2421.6978
FDD08,OUT019,-40.40906
FDY50,OUT049,1432.9617
FDD36,OUT013,1945.6638
FDG57,OUT027,1298.7905
FDL21,OUT018,514.5398
FDN16,OUT027,2571.62
FDJ09,OUT027,1175.958
FDS01,OUT010,480.0957
FDV33,OUT017,4090.1555
DRE12,OUT017,1828.3923
FDR07,OUT013,1475.8516
FDP48,OUT010,486.51132
NCB55,OUT035,864.3077
FDQ08,OUT013,976.8428
FDR34,OUT035,4234.224
FDO33,OUT046,1726.5148
FDP13,OUT045,681.47064
FDX12,OUT049,4437.698
NCT06,OUT049,2673.439
FDR16,OUT019,923.3225
FDE36,OUT046,2478.286
FDZ36,OUT049,3129.1672
FDV13,OUT045,1384.8291
NCZ17,OUT035,674.06177
FDU56,OUT045,3017.4749
FDM09,OUT035,2887.0964
FDV02,OUT017,2861.16
FDS34,OUT018,1542.0118
FDA11,OUT049,1635.0575
FDP09,OUT017,3532.6943
FDB29,OUT027,2833.8677
FDT19,OUT017,3020.6667
DRH15,OUT017,677.4336
FDY38,OUT046,3844.787
FDF14,OUT027,3942.7888
FDN48,OUT010,260.98093
FDQ12,OUT013,3884.4854
NCJ43,OUT045,2793.1719
FDE17,OUT019,465.64655
FDB05,OUT035,4232.066
FDH10,OUT045,2997.8284
NCR06,OUT017,680.7952
FDU32,OUT018,1843.6421
FDD56,OUT049,2810.4478
FDO36,OUT018,2742.0864
FDH16,OUT010,265.2042
FDX10,OUT018,468.3092
FDZ37,OUT017,1553.5613
FDU31,OUT010,532.6772
DRC49,OUT049,2156.663
FDL15,OUT045,2329.9563
FDN32,OUT019,433.57986
DRH59,OUT027,1846.9906
NCU29,OUT049,2462.143
FDR37,OUT019,935.0736
FDS14,OUT018,2250.3833
FDU02,OUT027,5516.321
FDJ08,OUT035,3112.3892
NCZ06,OUT045,3386.3425
FDO31,OUT049,1421.4922
FDH31,OUT018,1513.0757
FDS58,OUT017,2661.347
NCA53,OUT027,1304.0706
FDF50,OUT046,2940.2097
NCW42,OUT049,3408.9458
NCQ17,OUT045,2507.9575
FDK51,OUT018,3810.174
NCW41,OUT010,416.54022
NCR29,OUT017,872.50616
FDB08,OUT019,339.3909
FDA40,OUT027,2372.557
FDL14,OUT018,2337.2935
FDB47,OUT046,3411.831
FDO03,OUT035,4069.7815
DRK13,OUT019,457.76428
FDX13,OUT010,1036.5646
FDF52,OUT046,3003.086
FDT11,OUT013,3087.0361
FDB08,OUT013,2523.2283
FDQ28,OUT018,2353.8794
FDD29,OUT045,3713.6362
NCQ29,OUT027,6527.697
NCO02,OUT013,1030.4204
FDR56,OUT010,470.21558
NCM54,OUT049,2124.9023
FDP51,OUT035,1804.8282
FDT38,OUT013,1341.9657
FDZ20,OUT018,3932.0303
FDJ53,OUT013,2069.6482
FDX13,OUT049,3956.6694
FDP58,OUT035,3625.539
NCK31,OUT019,101.275826
FDA35,OUT018,1824.7081
FDV37,OUT018,2724.133
NCO07,OUT027,5542.752
FDA20,OUT045,3011.8398
FDZ59,OUT035,2705.8806
NCY17,OUT017,711.7717
FDQ28,OUT035,2398.7104
FDV35,OUT017,2481.3179
FDQ36,OUT013,651.92645
FDD34,OUT018,2377.8933
FDK51,OUT045,3165.9814
FDV31,OUT035,2848.6917
FDR04,OUT035,1633.5034
FDR14,OUT049,884.6197
DRC36,OUT010,437.7954
FDE39,OUT019,322.69467
FDP57,OUT049,1720.6433
FDE57,OUT046,2151.3345
NCN18,OUT046,1662.8423
NCQ05,OUT018,2115.0598
FDW47,OUT035,1976.3657
FDV46,OUT035,2247.595
NCP29,OUT045,1025.6825
FDE09,OUT018,1497.0391
NCU06,OUT027,5684.691
FDT19,OUT010,412.91882
DRF15,OUT017,2510.677
DRI51,OUT013,2531.707
NCX54,OUT013,1639.2582
DRE01,OUT013,3745.7246
NCB07,OUT045,2984.6665
FDU50,OUT035,1801.1086
FDG40,OUT035,648.4939
FDW10,OUT018,2531.2383
FDX51,OUT013,3087.0361
NCP17,OUT045,1016.85156
FDP21,OUT035,3230.1404
FDL04,OUT045,1653.8785
FDV23,OUT013,2084.309
FDF24,OUT046,1356.5756
FDH56,OUT027,2853.0234
FDB51,OUT049,1021.3277
FDI58,OUT027,2474.7632
FDR20,OUT013,784.8312
FDC51,OUT018,1908.9644
FDB16,OUT027,2328.5247
FDE40,OUT049,1025.1348
NCM17,OUT035,696.94775
FDU56,OUT035,3144.86
FDS32,OUT019,324.517
FDX02,OUT049,3923.9077
FDT39,OUT027,3963.4473
FDE35,OUT017,903.2025
NCI42,OUT019,551.2791
DRL23,OUT046,1454.7021
FDA10,OUT046,2065.1858
FDA11,OUT013,1469.7885
NCM06,OUT046,2365.9766
NCT05,OUT035,4073.2097
NCQ02,OUT010,415.41653
NCY06,OUT049,2156.663
FDY56,OUT035,3988.543
FDL02,OUT035,1755.4667
NCI06,OUT035,2820.4614
FDQ14,OUT045,2312.9924
FDQ12,OUT017,3617.8499
FDP36,OUT046,784.6907
FDK21,OUT027,6230.07
FDO40,OUT045,2361.562
NCK54,OUT019,302.6045
FDY09,OUT018,2578.0986
NCW30,OUT049,4070.8142
NCC55,OUT027,1053.7731
FDE58,OUT018,1507.7137
FDR39,OUT013,3055.3699
FDU28,OUT049,3031.2341
FDH08,OUT017,3711.8125
FDG35,OUT045,2820.7925
FDG22,OUT049,686.0007
FDC34,OUT035,2642.4363
FDP15,OUT018,3899.1475
FDK34,OUT010,617.08264
FDU45,OUT035,1814.5518
FDQ04,OUT027,1053.0166
FDX22,OUT018,3275.9326
FDB45,OUT017,1749.486
NCH43,OUT027,5172.2197
DRE60,OUT046,4102.2954
FDD17,OUT027,6039.12
NCM54,OUT017,2126.9287
NCH55,OUT013,2093.7842
NCT06,OUT017,2582.7715
FDA48,OUT027,5356.1274
FDY58,OUT027,5578.51
FDO25,OUT045,3447.9675
FDN50,OUT045,1577.1965
FDH35,OUT035,2682.8076
FDK09,OUT045,3719.1184
FDO16,OUT013,1358.5515
FDW11,OUT045,991.86584
FDU47,OUT027,3553.0864
NCQ42,OUT010,323.41745
FDK55,OUT027,2370.9395
FDN08,OUT049,1802.9503
FDT57,OUT045,3798.442
FDJ12,OUT018,3230.5212
DRL59,OUT017,866.019
NCN53,OUT046,609.77594
FDO51,OUT010,57.865505
FDK56,OUT017,3122.7625
FDY12,OUT035,859.8779
FDU15,OUT035,698.37524
FDQ19,OUT046,3947.664
DRF15,OUT045,2401.0945
DRE25,OUT019,275.40213
FDK57,OUT018,1742.362
FDD33,OUT010,584.44653
FDR34,OUT027,5715.199
FDU04,OUT045,2051.2195
FDE35,OUT019,148.89073
NCD31,OUT035,2443.4526
FDJ56,OUT035,1619.7737
NCU53,OUT046,2366.1533
FDD39,OUT035,3434.6638
NCU17,OUT019,240.64572
FDJ20,OUT046,2080.5398
NCW41,OUT018,2118.8508
FDL52,OUT035,663.9669
FDS39,OUT035,2196.7217
DRJ47,OUT045,2592.001
FDP13,OUT010,57.41518
DRK39,OUT010,127.324005
FDF28,OUT010,341.9996
FDB09,OUT045,2019.1771
FDM51,OUT046,1589.289
DRM49,OUT018,604.3709
DRF23,OUT013,2583.5886
DRH01,OUT035,2853.836
FDH12,OUT027,2522.2676
FDA28,OUT019,311.56995
FDW37,OUT018,1235.5165
FDF02,OUT046,1742.5963
DRL37,OUT046,621.25385
NCF43,OUT046,2114.1038
FDH08,OUT010,580.49115
FDR34,OUT019,823.4835
NCK19,OUT049,3094.7446
NCD55,OUT018,480.46118
FDT27,OUT049,4080.6055
FDQ57,OUT045,2361.562
FDA47,OUT035,2598.5999
DRG15,OUT027,1791.9062
FDE05,OUT018,2126.6672
FDN46,OUT046,1639.5537
FDX27,OUT027,2385.934
FDT51,OUT045,1681.4132
FDU33,OUT013,660.23096
FDJ16,OUT027,1556.4745
FDD20,OUT019,403.71783
FDT36,OUT049,639.9876
DRF15,OUT027,3974.744
FDN52,OUT010,169.7081
FDC22,OUT027,5414.209
FDX15,OUT045,2575.6382
FDT13,OUT013,3083.006
FDU04,OUT017,2160.802
FDU31,OUT019,542.17194
FDW59,OUT027,2345.1106
NCO29,OUT046,2521.268
FDL15,OUT035,2423.7927
FDI41,OUT049,2426.8901
FDQ48,OUT049,1762.6859
DRI39,OUT013,1024.3752
FDI08,OUT013,4145.506
FDC21,OUT049,1677.2574
FDF58,OUT035,1124.763
FDS08,OUT010,484.4994
FDE47,OUT045,2038.1611
NCP18,OUT019,363.92252
NCR41,OUT013,1534.5583
FDA27,OUT013,4154.3315
FDA43,OUT035,3105.6763
FDA49,OUT045,1370.4928
NCE55,OUT018,2458.9534
DRM49,OUT027,1273.7015
FDF22,OUT027,5431.026
FDQ15,OUT018,1234.1931
NCS54,OUT017,2879.3857
NCY05,OUT013,595.02246
FDR45,OUT046,3779.6333
FDK57,OUT049,2144.058
FDF41,OUT010,980.88275
FDV21,OUT046,2067.1582
FDD51,OUT046,752.9591
FDF33,OUT046,2224.3083
FDA38,OUT046,3964.616
FDR56,OUT045,3038.1082
NCN41,OUT017,2133.9038
FDC60,OUT027,2387.1384
FDB47,OUT045,3425.7292
DRH01,OUT013,2779.5317
FDW08,OUT046,1655.7821
FDF38,OUT027,1133.3286
FDY32,OUT017,2599.075
FDG34,OUT049,1810.5834
FDG47,OUT019,661.1248
NCF18,OUT035,3187.3567
FDL39,OUT019,450.01248
NCH55,OUT035,2161.4495
DRJ35,OUT049,1120.6085
FDS44,OUT035,4099.3716
DRE01,OUT018,3443.7104
FDY39,OUT013,3080.2212
FDY32,OUT018,2271.874
FDR33,OUT027,2825.3035
NCP50,OUT049,1418.1302
FDZ47,OUT018,1423.5175
FDU57,OUT049,2418.6565
FDY44,OUT013,3081.8918
DRH59,OUT018,800.0198
FDB03,OUT027,5931.919
FDY46,OUT045,2997.8284
FDM39,OUT045,2732.4216
FDY36,OUT035,1066.9778
NCM55,OUT035,3135.6113
FDJ50,OUT010,233.61702
DRL60,OUT013,2387.7332
NCJ54,OUT049,3694.1428
FDX59,OUT017,626.8705
FDI07,OUT013,3472.4014
DRF51,OUT010,20.13934
FDM14,OUT017,1932.3872
FDP21,OUT045,3075.452
FDE40,OUT035,1082.3789
FDE05,OUT035,2461.263
FDM13,OUT027,3591.919
FDC34,OUT027,3918.0535
NCI55,OUT018,1818.4426
NCE43,OUT018,2386.2148
FDW58,OUT018,1478.8146
FDG60,OUT045,3753.6892
FDV31,OUT017,2867.9558
FDR47,OUT013,2981.989
FDM60,OUT019,-0.15426445
NCF06,OUT018,3395.2996
NCN26,OUT027,2834.367
FDQ59,OUT049,1426.5914
FDF09,OUT046,604.08167
NCS06,OUT017,3871.475
FDT44,OUT046,1711.6481
FDI19,OUT017,3871.9783
FDT22,OUT017,1018.9879
NCF54,OUT027,4660.206
DRG25,OUT045,3063.8445
FDB59,OUT017,2974.1692
FDQ37,OUT017,3118.333
FDP56,OUT035,811.22284
FDW44,OUT035,2793.2087
FDJ26,OUT010,544.7978
FDU43,OUT018,3605.7034
FDW33,OUT045,1653.8785
NCX53,OUT027,3286.1865
FDN56,OUT010,401.3414
DRF15,OUT049,2501.6755
FDO33,OUT017,1820.1586
FDZ39,OUT010,323.48346
NCJ19,OUT017,924.08264
FDU01,OUT035,3579.7463
FDT12,OUT035,3561.9858
NCM18,OUT018,778.7719
FDP19,OUT017,2142.3223
NCR42,OUT049,657.9911
FDN10,OUT046,1682.976
FDG44,OUT017,896.7481
FDQ10,OUT046,2781.258
DRH13,OUT049,1745.6292
FDT52,OUT013,3871.877
FDM56,OUT045,1634.0735
NCO43,OUT010,273.89136
NCV29,OUT035,2886.307
NCF06,OUT013,3865.1035
FDO50,OUT035,1410.1147
FDT59,OUT013,4043.377
FDX40,OUT027,1061.7028
FDE50,OUT017,3375.715
FDX51,OUT017,3185.0344
NCD30,OUT018,1396.1836
FDK15,OUT013,1705.7861
FDL12,OUT045,997.5737
FDK46,OUT017,4368.8403
DRH49,OUT010,158.24397
FDQ57,OUT046,2357.26
FDY59,OUT017,1518.4723
FDO09,OUT018,3597.873
NCG30,OUT035,2137.0513
FDM09,OUT017,2697.3264
NCN17,OUT027,2540.857
NCS42,OUT013,1355.8558
FDD02,OUT019,484.03876
FDE34,OUT013,3068.02
FDU38,OUT045,2990.834
FDB33,OUT046,2440.6682
NCJ29,OUT017,1358.4883
FDZ27,OUT035,866.6046
FDI40,OUT013,1592.6321
FDG22,OUT013,611.5905
FDT51,OUT017,1790.9957
FDF20,OUT018,2771.1052
FDV50,OUT035,2142.3171
FDT02,OUT049,694.41846
DRC49,OUT017,2424.2842
FDF26,OUT049,2405.1511
FDV52,OUT035,1913.6626
FDX59,OUT049,669.4326
FDV25,OUT035,3540.3643
FDW23,OUT027,1078.6276
FDE53,OUT018,1502.1835
FDA19,OUT017,2141.3645
FDH22,OUT046,2065.1858
NCO41,OUT013,1486.8259
FDX12,OUT017,4061.1082
FDF17,OUT013,2949.823
FDS11,OUT045,3452.0903
FDR51,OUT035,2416.051
FDT49,OUT010,316.22375
FDC56,OUT013,2079.1648
FDR13,OUT027,2883.8955
FDQ60,OUT035,2148.7803
FDN38,OUT049,4026.0676
NCL29,OUT013,2519.5417
FDO13,OUT027,4274.098
FDE26,OUT018,2067.5432
FDA31,OUT010,401.3117
FDX14,OUT035,1088.595
FDA34,OUT045,2776.7783
FDF26,OUT013,2340.9019
FDE38,OUT045,2588.999
DRI11,OUT046,1751.0166
FDQ60,OUT027,2849.6492
FDL21,OUT027,1183.236
DRC12,OUT027,5540.532
FDC47,OUT046,3715.2473
FDE57,OUT045,2135.3958
FDT14,OUT045,2068.0361
NCZ53,OUT046,3034.197
FDE28,OUT018,3539.242
FDR19,OUT035,2432.6172
NCF54,OUT019,370.2146
FDZ08,OUT046,1345.6803
NCJ05,OUT018,2049.044
FDF59,OUT046,2059.4158
NCO05,OUT035,1697.463
FDW24,OUT018,668.4656
NCX42,OUT018,2395.0457
NCA53,OUT035,856.4954
FDI45,OUT019,415.0553
FDG46,OUT046,1769.6505
FDM20,OUT010,585.6097
FDW11,OUT010,121.93211
FDX08,OUT035,2904.0005
NCK17,OUT035,679.9284
FDK32,OUT018,2055.5068
NCA42,OUT035,2642.7104
DRI01,OUT035,2893.9834
NCL55,OUT049,4136.7603
DRE25,OUT018,1383.0618
FDD14,OUT017,3327.407
FDB10,OUT046,3763.934
DRN11,OUT035,2160.955
FDP38,OUT018,655.48346
NCA30,OUT017,3095.589
FDT15,OUT017,3099.2888
NCP55,OUT018,690.3925
FDF12,OUT035,2349.358
FDM21,OUT018,3631.9417
FDX56,OUT035,3095.8486
FDF10,OUT017,2478.4607
FDT32,OUT045,3023.4473
FDM51,OUT018,1513.0757
NCR50,OUT018,2084.716
FDI19,OUT049,3967.7922
FDX21,OUT017,1724.3593
FDR31,OUT035,2374.4104
FDY02,OUT013,3757.9575
NCA29,OUT045,2769.8032
NCX17,OUT046,3778.595
FDM12,OUT045,3043.173
FDI53,OUT027,3916.9165
NCU30,OUT049,2602.7825
FDC56,OUT027,3213.0266
FDK27,OUT018,1825.4176
NCK18,OUT017,2726.6765
FDB52,OUT019,681.398
DRG25,OUT027,5432.027
FDZ13,OUT049,799.89716
FDB57,OUT019,617.8207
FDR40,OUT046,1375.9728
NCO14,OUT019,-24.931555
NCN19,OUT045,3040.4758
FDQ28,OUT019,419.09357
FDO13,OUT018,2322.465
FDK48,OUT013,1102.9519
FDU07,OUT018,2063.0552
FDW20,OUT046,2062.014
FDV12,OUT010,314.74078
FDH24,OUT013,2538.437
FDV59,OUT049,3443.0898
FDK57,OUT045,2043.4774
FDL16,OUT027,1195.3005
NCQ17,OUT046,2424.507
FDJ15,OUT018,2827.3894
FDX24,OUT049,1375.7146
FDT47,OUT046,1663.7765
FDT10,OUT049,1062.1403
FDZ37,OUT018,1235.1921
FDW43,OUT027,5976.913
DRN36,OUT017,1608.5717
FDJ14,OUT045,1334.9026
FDA32,OUT013,3429.5518
FDJ38,OUT019,484.1006
FDQ57,OUT017,2447.776
NCQ41,OUT019,468.10843
FDG56,OUT049,1026.8253
DRC13,OUT027,3241.0842
FDV55,OUT035,2384.238
FDQ49,OUT045,2646.3708
FDE29,OUT010,157.8816
FDR03,OUT013,3472.4014
FDD45,OUT049,1502.0431
FDN38,OUT010,783.1325
FDT56,OUT046,861.9382
FDT48,OUT045,3052.738
FDU03,OUT049,3135.718
FDC56,OUT010,328.6834
NCO43,OUT027,2458.2668
FDQ27,OUT017,1774.9471
FDR03,OUT046,2930.9282
DRH23,OUT010,120.61203
FDG22,OUT045,628.65576
NCJ42,OUT013,1640.8751
FDR24,OUT046,1337.5586
FDW60,OUT035,2908.886
FDJ08,OUT013,3038.085
DRL59,OUT018,659.8589
FDG60,OUT010,618.439
FDW27,OUT017,2765.821
FDX14,OUT018,1067.9594
FDC20,OUT013,854.8339
NCS29,OUT018,3614.0405
FDJ56,OUT046,1632.414
FDB20,OUT019,149.97107
FDL28,OUT027,5557.4385
FDW01,OUT018,2075.7769
FDL03,OUT046,3045.8044
FDX22,OUT049,3570.1912
FDJ21,OUT035,2483.3855
FDR31,OUT045,2302.009
FDG21,OUT035,2781.4736
FDS22,OUT027,1106.2681
FDK08,OUT035,1625.7695
FDE17,OUT018,2060.6511
NCN30,OUT017,1626.5825
FDT50,OUT046,1495.3223
NCX42,OUT049,2602.7825
FDJ12,OUT035,3511.187
NCA18,OUT027,2782.6685
FDP23,OUT019,513.85474
FDX12,OUT013,3673.7175
FDN40,OUT018,2021.6202
FDV48,OUT035,1281.0846
NCY54,OUT013,2756.7327
FDL16,OUT010,131.07991
FDR45,OUT018,3518.8508
FDJ52,OUT046,2521.268
DRG01,OUT017,1295.1785
FDP52,OUT013,3835.486
FDU58,OUT017,3185.0344
FDL02,OUT045,1692.5464
FDG28,OUT013,3871.877
FDA19,OUT035,2113.0134
FDW46,OUT027,2057.9878
NCD43,OUT049,1967.0228
DRG39,OUT013,766.17346
NCF55,OUT049,694.41846
FDJ07,OUT046,1702.0576
FDE08,OUT046,2301.8489
FDP56,OUT019,115.287155
FDT45,OUT045,685.9905
FDF17,OUT018,2605.3855
FDX44,OUT046,1278.4493
FDM28,OUT027,4828.987
FDI36,OUT049,3129.1672
FDS07,OUT045,1728.326
FDD36,OUT045,1696.1836
FDW11,OUT046,949.8359
FDN40,OUT049,2390.8418
NCQ18,OUT049,1520.1099
NCQ54,OUT017,2726.6765
NCS42,OUT045,1298.3296
DRH39,OUT010,223.51836
FDC09,OUT027,2577.45
FDT08,OUT010,366.45636
FDC08,OUT035,4116.8706
FDT20,OUT017,629.788
FDS35,OUT035,1097.0171
FDX58,OUT018,2735.0242
FDW58,OUT046,1637.6177
DRD27,OUT046,1538.5928
FDH32,OUT019,192.0509
FDS26,OUT035,4116.716
FDQ31,OUT046,1336.8044
FDP11,OUT018,3167.987
FDD58,OUT017,1649.7755
FDM33,OUT045,3329.672
FDZ16,OUT049,3020.9368
NCS29,OUT010,810.72186
NCM18,OUT019,147.5357
FDP11,OUT049,3462.2456
NCC42,OUT017,2146.5088
DRM23,OUT046,2559.9739
NCN55,OUT027,5993.415
FDK46,OUT013,3971.8962
FDR01,OUT046,3048.8333
NCA05,OUT045,2361.562
NCP43,OUT017,2909.1987
FDR12,OUT010,390.34882
FDQ01,OUT013,4034.3232
FDM13,OUT046,2062.153
FDQ19,OUT017,4091.404
FDK56,OUT019,423.23575
NCX06,OUT010,488.7996
FDO56,OUT027,2801.251
FDU45,OUT045,1667.909
FDI16,OUT019,139.03647
FDL32,OUT046,1755.8721
FDA07,OUT046,2096.99
FDA14,OUT045,2312.9924
FDV46,OUT027,3355.2656
NCO07,OUT035,3509.2717
NCP41,OUT046,1716.7192
FDY60,OUT018,1866.8802
FDN38,OUT017,3918.2473
FDO15,OUT046,1059.2823
FDT60,OUT013,2056.344
FDA55,OUT035,3969.3872
FDE02,OUT010,294.4127
DRJ39,OUT049,3976.4941
FDV34,OUT035,1182.1776
FDS20,OUT027,5390.8013
FDF02,OUT027,2601.734
FDW40,OUT017,2446.1226
NCB43,OUT046,2985.4292
FDR58,OUT017,1376.5872
DRJ59,OUT035,756.67126
NCD30,OUT017,1648.6305
FDE14,OUT017,1775.1892
FDC28,OUT018,1477.1976
FDU16,OUT018,1183.1458
NCD19,OUT035,928.0293
FDU21,OUT046,612.4519
FDV59,OUT027,4676.533
FDU03,OUT045,3384.174
FDC33,OUT010,902.8927
NCR42,OUT035,636.48956
DRH59,OUT035,1022.12683
NCM31,OUT035,2168.315
FDS50,OUT035,3498.8953
FDP39,OUT046,823.56793
FDQ55,OUT013,1783.7766
FDV36,OUT019,291.94385
FDI05,OUT027,2159.8098
FDS45,OUT027,2577.45
FDA39,OUT045,652.2436
FDC37,OUT010,272.0148
FDJ60,OUT027,4217.3955
DRQ35,OUT046,1972.4286
NCJ06,OUT046,1941.7606
NCY42,OUT018,1960.9797
DRM37,OUT049,3126.47
FDR14,OUT045,777.11163
FDE51,OUT049,775.64545
FDT33,OUT017,2768.6277
FDR08,OUT013,1816.4781
FDE36,OUT010,395.86823
FDL22,OUT019,188.48962
FDR44,OUT013,2103.3772
FDI56,OUT019,107.54008
FDE47,OUT010,330.3925
FDV27,OUT010,204.15207
FDV10,OUT049,733.5582
FDC40,OUT045,1226.1027
NCX41,OUT013,3484.1738
NCQ38,OUT027,2542.4739
FDV12,OUT027,2586.2017
FDE52,OUT017,1452.7974
FDG20,OUT027,4669.1123
FDV16,OUT027,1025.0592
FDI32,OUT017,1817.6547
FDJ32,OUT049,1044.2104
FDN39,OUT018,2416.5881
FDY34,OUT017,2777.6658
FDC14,OUT035,712.0307
FDA55,OUT017,4000.8408
FDZ50,OUT010,475.99054
DRG13,OUT049,2679.498
FDP01,OUT013,2342.6125
NCG54,OUT017,2855.894
FDM13,OUT045,2046.2145
NCO18,OUT027,4680.4595
NCW41,OUT013,2352.4834
FDM52,OUT027,3935.2114
NCF55,OUT035,698.1685
FDT09,OUT046,2123.7773
NCM19,OUT035,1713.8981
FDW12,OUT018,2231.1414
FDP15,OUT019,1017.65234
FDK36,OUT045,630.0479
FDZ25,OUT035,2905.8928
NCW06,OUT049,3058.48
FDW60,OUT046,2801.3728
DRC49,OUT013,2340.8728
NCT17,OUT035,3117.1914
NCN06,OUT018,2278.934
FDC45,OUT013,2765.4966
DRJ47,OUT019,212.50021
NCF06,OUT045,3478.7222
FDE21,OUT010,349.33078
DRG27,OUT013,663.59344
FDW40,OUT049,2132.9744
NCO53,OUT046,3001.9229
FDE23,OUT049,700.82477
FDQ16,OUT046,1644.0627
FDS26,OUT045,3655.5703
FDZ13,OUT010,162.8658
FDS14,OUT049,2558.4258
FDC10,OUT045,1697.8004
FDY16,OUT049,3546.8113
FDJ20,OUT035,2129.0544
FDV43,OUT035,705.3812
FDZ32,OUT027,2541.0227
FDR23,OUT046,2725.706
FDN24,OUT035,844.4454
FDE34,OUT027,5381.126
FDU31,OUT013,3441.1592
FDW33,OUT018,1511.0142
FDU26,OUT046,1588.0261
FDE20,OUT027,4525.09
NCW05,OUT035,1730.8761
FDB22,OUT018,2091.6912
FDO56,OUT046,1722.0555
FDA19,OUT027,3259.2883
DRI39,OUT045,847.70105
FDH52,OUT018,754.89386
FDZ50,OUT035,3124.0745
NCN42,OUT035,2440.7468
FDB53,OUT013,2346.6428
DRG11,OUT017,1697.5394
DRK11,OUT027,3376.5188
FDQ60,OUT017,2189.4795
FDT36,OUT017,642.95245
DRG25,OUT018,2776.2495
DRJ23,OUT046,2979.0107
FDG05,OUT035,2530.726
NCK06,OUT018,1818.4426
FDU52,OUT017,2424.2842
FDW07,OUT018,1211.8179
NCM17,OUT045,649.8134
FDA22,OUT045,2576.1365
NCA41,OUT018,2776.2495
FDF38,OUT035,744.6469
FDH52,OUT046,984.8779
FDY58,OUT019,598.61035
FDZ16,OUT045,2993.7905
NCM18,OUT017,1007.5118
FDA22,OUT018,2354.0881
NCJ43,OUT035,2902.7004
FDI34,OUT027,5975.228
FDG56,OUT046,972.3534
FDS34,OUT046,1746.3558
DRC01,OUT035,869.6653
FDQ04,OUT035,671.61035
FDK04,OUT035,880.402
FDT51,OUT049,1781.9945
FDV26,OUT017,3136.4648
FDS04,OUT049,2064.731
FDW43,OUT018,3523.3042
FDQ28,OUT010,422.30975
NCK06,OUT017,2153.827
FDS23,OUT018,1815.35
FDZ36,OUT019,470.39273
FDE56,OUT018,869.43964
FDW10,OUT027,4778.907
NCN14,OUT045,3013.1804
NCQ18,OUT045,1547.8787
FDW08,OUT017,1726.1171
FDU43,OUT035,4041.1648
FDR33,OUT010,285.31915
FDM24,OUT010,428.00043
NCZ05,OUT046,1636.0007
NCV41,OUT035,1851.6329
FDV11,OUT018,2518.4048
NCY05,OUT035,654.9061
FDV44,OUT018,2742.2231
FDW32,OUT049,1406.8906
NCU18,OUT027,3252.3132
NCC43,OUT035,3956.527
FDW19,OUT013,1641.2546
FDN31,OUT035,3105.6763
FDI48,OUT045,776.1622
FDS24,OUT017,1461.549
FDF46,OUT049,1819.3169
DRG23,OUT017,2234.0884
FDG14,OUT018,2068.2285
NCY30,OUT049,2797.3396
FDO28,OUT018,1825.4176
DRD24,OUT035,2196.7217
FDI33,OUT049,1443.0709
FDN32,OUT046,2777.708
FDR16,OUT045,3402.5198
FDF26,OUT046,2371.8962
NCN29,OUT018,611.8836
FDE20,OUT045,2758.375
FDA46,OUT046,3017.7468
FDU28,OUT045,2945.24
FDQ48,OUT045,1572.2118
FDV36,OUT013,1945.9178
FDR14,OUT018,648.4337
FDP23,OUT017,3877.1628
FDP56,OUT013,767.32874
FDK48,OUT010,156.03348
FDR48,OUT046,2318.6147
NCY29,OUT049,928.5582
FDM22,OUT018,540.26886
DRJ01,OUT013,2519.5417
FDZ43,OUT045,3885.2944
FDV03,OUT035,2423.7927
FDX11,OUT027,5407.314
NCA41,OUT027,5487.185
FDE38,OUT017,2872.6467
FDI27,OUT018,568.8454
FDN32,OUT013,2895.8174
NCN43,OUT017,2160.802
FDB47,OUT027,5456.1675
FDV03,OUT017,2537.823
NCN30,OUT045,1539.048
NCV54,OUT010,304.26175
FDV07,OUT013,1666.0746
FDP07,OUT049,3089.6003
FDK48,OUT018,817.4828
FDM15,OUT019,442.7728
FDY19,OUT027,2815.1702
FDK46,OUT046,3946.4138
FDY11,OUT045,1039.9397
FDH09,OUT046,1302.8281
FDO08,OUT027,4227.1494
FDU14,OUT013,4256.31
FDD22,OUT027,2856.077
FDM27,OUT017,2683.5073
FDL02,OUT027,2613.3413
NCA17,OUT035,2447.722
FDE38,OUT019,377.25705
NCG07,OUT049,3058.48
DRC27,OUT013,3320.0696
FDA27,OUT035,4303.47
FDW40,OUT045,2082.3503
DRI11,OUT013,1761.249
FDN50,OUT046,1632.0812
FDR12,OUT046,2807.447
FDT34,OUT027,2566.9197
FDW11,OUT035,1019.95215
NCO30,OUT027,5250.5845
FDZ34,OUT017,3126.5667
FDU45,OUT017,1777.4916
NCD42,OUT035,695.03436
FDX25,OUT045,2952.0803
NCR29,OUT046,892.9738
FDX43,OUT019,381.36386
FDB04,OUT010,174.93198
FDR49,OUT027,1340.5117
FDS39,OUT018,1840.6914
FDW58,OUT045,1621.679
FDG22,OUT019,-52.73926
FDG31,OUT017,1097.4928
NCV53,OUT027,6289.6426
DRJ37,OUT035,2408.538
FDV07,OUT035,1749.4319
FDW52,OUT018,2490.3438
FDT15,OUT045,2963.789
FDD02,OUT018,1515.2913
FDM16,OUT035,1098.8976
NCE55,OUT046,2748.942
FDB57,OUT018,3313.7358
FDQ04,OUT013,611.7267
FDQ47,OUT019,-7.014335
FDY14,OUT019,801.0706
DRK37,OUT017,3107.411
FDO25,OUT017,3727.1853
FDL57,OUT046,4051.473
NCK29,OUT018,1832.3358
FDK46,OUT027,6963.5757
NCB43,OUT010,373.45615
DRE01,OUT027,5783.107
FDC46,OUT018,2744.05
FDQ23,OUT045,1645.0479
FDX38,OUT049,853.68024
FDG60,OUT018,3474.0981
FDW55,OUT017,3769.3428
FDP39,OUT013,833.8003
FDB20,OUT018,1045.3683
FDV21,OUT017,2147.4666
FDZ02,OUT013,1531.3981
FDP19,OUT027,3257.4387
FDA38,OUT035,4176.422
FDH22,OUT045,2058.138
DRM11,OUT045,3781.9016
FDO12,OUT027,5401.4214
FDT14,OUT049,2118.6602
FDW34,OUT010,617.08264
FDG04,OUT027,5477.737
FDW59,OUT018,1199.6252
FDR33,OUT018,1502.1835
FDP32,OUT013,2072.2463
FDL13,OUT027,6319.24
FDD22,OUT013,1759.6416
FDV40,OUT027,2045.2015
NCD55,OUT046,639.2647
FDQ20,OUT010,-17.1123
FDD28,OUT045,801.11975
FDC39,OUT045,3446.195
NCR17,OUT049,1810.0691
DRO35,OUT018,1582.5669
FDF40,OUT049,4416.623
FDR31,OUT018,2055.5068
NCQ41,OUT017,3150.0583
FDP38,OUT046,860.0054
NCU54,OUT027,5322.1865
FDG22,OUT018,442.55453
DRK59,OUT013,3657.4348
FDC37,OUT046,1647.6824
NCO42,OUT013,2380.758
NCT42,OUT017,2464.1694
FDX27,OUT035,1728.1498
FDV40,OUT018,857.1053
FDT45,OUT027,1583.1556
FDS47,OUT019,155.21333
FDR45,OUT035,4065.6814
FDB03,OUT045,3889.0754
FDO49,OUT035,850.2383
FDU60,OUT027,4217.3955
FDB26,OUT018,663.9896
FDB46,OUT017,3465.9114
FDQ37,OUT019,552.7132
FDN03,OUT017,4154.433
NCX30,OUT045,4305.6543
FDK32,OUT019,372.0749
DRM47,OUT013,3019.9766
NCO02,OUT046,1020.1879
FDP04,OUT013,1026.1411
NCO43,OUT049,1704.2083
FDD59,OUT013,1346.3965
FDQ10,OUT017,2909.7295
FDW45,OUT035,2469.6475
NCK30,OUT049,3926.1301
FDU31,OUT018,3221.3105
NCQ17,OUT019,388.8901
FDN01,OUT017,2862.8691
FDZ19,OUT049,2750.785
DRG37,OUT017,2569.4287
FDE32,OUT045,570.47955
FDO34,OUT049,2733.432
FDM04,OUT019,198.20277
FDZ25,OUT049,2895.1653
FDU08,OUT049,1641.4598
NCW30,OUT045,3455.3535
NCM18,OUT013,947.8078
FDS22,OUT035,793.361
NCH18,OUT017,3512.9785
FDC23,OUT013,2811.2004
FDY46,OUT013,3009.4126
NCU06,OUT046,3604.5525
FDX57,OUT045,1532.6444
FDX36,OUT027,5764.6895
FDL16,OUT045,748.3571
FDT16,OUT010,893.1997
FDN16,OUT018,1507.9608
FDC03,OUT046,2996.439
DRF60,OUT013,3838.4746
FDS27,OUT027,5635.279
FDP33,OUT010,795.1111
FDJ36,OUT018,1463.8004
NCR42,OUT013,576.6059
FDV14,OUT017,1417.596
NCP42,OUT035,3362.449
FDB50,OUT027,2178.3638
NCC30,OUT027,4726.222
FDA23,OUT018,1447.4584
FDW16,OUT017,1397.7458
FDQ52,OUT010,171.06445
FDB58,OUT049,2482.7886
NCP29,OUT049,1069.5343
NCM05,OUT045,3966.6665
FDO25,OUT013,3459.5518
NCM54,OUT046,2060.183
NCL54,OUT046,2698.8274
FDL39,OUT010,455.8683
FDF53,OUT018,2590.3635
NCQ42,OUT035,2117.2058
FDF58,OUT013,994.4733
FDZ04,OUT035,1059.7069
FDE26,OUT019,397.775
FDS60,OUT017,2920.471
FDV58,OUT017,3136.7976
FDM04,OUT045,747.10657
FDE08,OUT035,2384.238
NCB43,OUT049,3042.3396
FDU11,OUT010,377.39145
FDF22,OUT019,508.46066
FDE24,OUT013,2019.4205
DRJ49,OUT046,2079.7632
NCQ53,OUT035,4136.8896
NCL41,OUT013,603.08435
FDR22,OUT013,1691.8644
FDH04,OUT035,1530.9325
DRH15,OUT045,650.243
FDY40,OUT049,923.8768
NCI17,OUT035,1547.5927
NCC18,OUT013,2781.3875
FDY28,OUT027,5424.066
FDB45,OUT027,2565.8425
NCL30,OUT018,1791.5443
FDM10,OUT017,3485.834
FDH22,OUT027,3256.3018
NCZ53,OUT017,3173.427
NCI18,OUT013,3370.2083
FDH14,OUT027,3278.4731
FDR36,OUT027,1129.6803
FDW01,OUT045,2322.279
FDK02,OUT027,3046.53
FDJ02,OUT018,2134.2446
FDU55,OUT013,4672.3364
NCV18,OUT027,2357.0754
FDH14,OUT018,1809.609
FDZ37,OUT045,1384.8291
FDX49,OUT049,3854.7395
NCD43,OUT046,1875.4053
FDZ07,OUT013,899.2343
FDK43,OUT035,2184.1167
FDR32,OUT018,3503.8867
FDT39,OUT013,2408.3787
NCV54,OUT017,2177.1956
FDF38,OUT018,523.0028
FDV60,OUT046,3043.9358
FDH44,OUT027,3946.8188
FDS21,OUT046,983.3279
NCL41,OUT045,625.96747
FDM46,OUT017,1588.4961
FDU27,OUT045,829.49854
NCJ54,OUT017,3634.7917
DRG51,OUT018,2441.5532
NCA29,OUT019,351.19656
FDR47,OUT045,2970.4048
NCL19,OUT027,3110.2974
DRG01,OUT049,1308.835
FDG10,OUT046,876.8495
NCV05,OUT049,2462.143
NCH18,OUT019,594.7845
FDV14,OUT018,1172.9302
DRJ23,OUT035,3086.7454
DRJ11,OUT046,2852.3909
FDZ03,OUT017,3136.4648
FDI27,OUT010,102.10616
FDJ14,OUT018,1210.2063
FDU32,OUT017,2179.0264
FDD47,OUT027,4660.221
DRF36,OUT035,3173.373
FDM21,OUT046,3965.5696
FDV10,OUT018,490.1122
FDH60,OUT018,2755.5781
FDX47,OUT010,362.131
FDT19,OUT019,396.41754
FDO11,OUT045,4088.4458
FDH24,OUT027,3976.587
FDL02,OUT018,1549.682
FDB02,OUT049,2895.1653
FDA43,OUT046,2997.9417
FDG52,OUT045,741.7665
DRC12,OUT013,3039.0015
FDY37,OUT018,1859.8762
NCU18,OUT045,2029.9517
FDU09,OUT035,975.3447
DRJ25,OUT027,1346.2029
DRE12,OUT018,1559.4863
DRL47,OUT017,2145.8945
DRK01,OUT046,1541.8649
FDC22,OUT019,469.3714
FDG44,OUT013,822.1045
FDW04,OUT035,2120.935
FDK09,OUT049,3796.675
NCN43,OUT035,2160.748
FDG04,OUT049,3126.47
FDH32,OUT010,269.14087
DRI47,OUT017,2415.5198
DRE15,OUT013,1036.2504
FDY11,OUT035,1113.4791
FDO60,OUT049,704.0001
FDQ20,OUT018,482.2918
FDO57,OUT027,3914.2
FDT14,OUT019,371.43912
FDA57,OUT049,713.9583
DRN35,OUT017,611.21405
FDJ03,OUT046,788.19336
FDX28,OUT017,1742.596
DRE25,OUT045,1305.3046
FDR09,OUT046,4056.4412
FDB23,OUT035,5258.7544
FDO08,OUT045,2480.604
FDQ23,OUT049,1729.1941
FDW04,OUT013,2074.7048
DRK13,OUT010,463.75287
NCL17,OUT027,3278.444
FDY21,OUT035,3175.9514
FDJ38,OUT027,5964.0264
FDA37,OUT019,413.56323
FDV43,OUT013,631.91974
FDL36,OUT046,1426.7797
FDD53,OUT045,597.6136
FDZ19,OUT010,468.04288
FDV21,OUT045,2051.2048
NCL54,OUT018,2547.755
DRI47,OUT027,3427.7397
DRG03,OUT049,2497.2708
FDG21,OUT013,2466.112
FDW03,OUT018,1529.5107
NCI55,OUT046,2060.183
DRC36,OUT019,431.80682
FDH22,OUT017,2154.3997
FDV20,OUT045,2049.9402
NCU41,OUT027,5421.169
FDN46,OUT027,2577.3901
FDK50,OUT045,2547.7344
NCA05,OUT027,3935.2114
DRH01,OUT018,2545.8992
FDT08,OUT018,2043.8995
FDM08,OUT018,3635.2969
FDZ07,OUT035,983.4078
FDS22,OUT017,796.4243
FDV35,OUT027,3914.2
FDI28,OUT010,150.1821
FDW58,OUT027,2542.4739
FDT52,OUT045,4082.7336
FDY34,OUT046,2489.8267
FDR10,OUT046,2445.8125
FDK57,OUT017,2153.0596
FDR02,OUT027,2565.8425
FDX49,OUT046,3933.5068
FDQ20,OUT046,641.0954
DRK23,OUT045,3508.112
NCW06,OUT046,2951.6125
FDR31,OUT017,2411.5916
NCE43,OUT013,2619.8474
DRO59,OUT027,1934.152
FDN09,OUT049,3809.4722
FDR11,OUT046,2507.5344
FDO57,OUT013,2519.5417
NCX18,OUT017,3117.7407
FDB05,OUT018,3775.1707
FDQ08,OUT018,828.41815
NCG43,OUT035,1605.0061
FDJ56,OUT013,1642.6464
FDA13,OUT010,17.528627
FDO56,OUT017,1815.6993
FDB37,OUT018,4061.2737
FDZ02,OUT018,1362.3625
FDQ24,OUT046,3865.212
FDM16,OUT013,1044.7567
FDU35,OUT049,1640.7743
FDT35,OUT035,2684.5862
NCX30,OUT049,4252.672
FDG04,OUT017,3150.0583
FDI12,OUT035,1431.0801
FDE35,OUT035,1113.5375
NCP14,OUT027,2567.6985
NCY53,OUT045,1620.062
FDP49,OUT017,922.35815
FDQ04,OUT017,654.4482
FDM39,OUT035,2825.7273
FDO58,OUT019,363.691
FDC56,OUT017,2016.3542
NCQ54,OUT046,2546.1182
FDV10,OUT027,1100.4381
NCK17,OUT046,609.8123
NCF55,OUT027,1063.8823
FDV33,OUT013,3930.0632
NCH29,OUT019,253.63588
FDA37,OUT027,3250.5608
FDH46,OUT018,1480.4319
FDS25,OUT035,1746.5759
FDH04,OUT027,2431.1345
FDX52,OUT046,3021.0642
NCD42,OUT017,651.30646
FDW47,OUT017,2133.9038
FDL25,OUT027,2552.2354
NCJ06,OUT010,304.26175
FDY09,OUT013,2811.7312
FDS40,OUT046,594.75195
FDH41,OUT017,3461.393
FDG38,OUT035,1416.1576
FDU03,OUT027,5288.1167
FDV20,OUT046,2065.879
DRB13,OUT045,3084.49
NCQ30,OUT013,2093.7842
NCH06,OUT013,3612.7578
FDU50,OUT018,1738.3951
NCO42,OUT019,314.07376
FDW09,OUT018,1183.1909
FDH04,OUT013,1348.0775
FDC21,OUT045,1576.6763
FDL21,OUT049,757.98584
FDM46,OUT010,267.35217
FDT22,OUT019,148.11223
FDB28,OUT035,3071.5928
FDI12,OUT018,1231.5438
FDA28,OUT045,2035.9288
FDF59,OUT013,2069.6482
FDM45,OUT027,3163.3938
FDQ56,OUT017,1443.5472
FDR46,OUT049,2371.0957
FDT01,OUT013,3405.8574
FDD16,OUT027,2108.658
NCU30,OUT010,343.54886
FDM40,OUT010,394.8787
FDI56,OUT035,1501.252
NCS30,OUT013,2058.8694
FDU08,OUT017,1650.461
FDX51,OUT027,5498.7915
FDA43,OUT045,3011.8398
FDX59,OUT010,-48.63372
FDC37,OUT018,1488.8793
FDP58,OUT013,3393.6057
NCY42,OUT035,2166.378
FDF21,OUT018,2716.6965
FDU10,OUT027,1081.2822
DRL47,OUT018,1803.1133
FDA58,OUT018,3495.4822
FDJ22,OUT049,3083.8225
FDK50,OUT046,2574.5637
FDO38,OUT035,1324.1157
DRF60,OUT035,3925.143
NCZ42,OUT019,823.83514
FDD35,OUT049,1810.0691
FDL25,OUT045,1442.888
FDJ16,OUT013,854.33466
DRK59,OUT049,3731.8447
FDI50,OUT046,4024.4487
NCB19,OUT045,1328.2235
DRI37,OUT035,1015.64996
FDA14,OUT027,3886.6418
FDC08,OUT018,3499.5422
FDS45,OUT046,1672.5939
FDI21,OUT049,1094.181
DRJ47,OUT035,2685.8374
DRE37,OUT027,5117.3325
FDT55,OUT018,2299.5657
NCG42,OUT027,3249.9275
FDA31,OUT049,2798.8403
NCW42,OUT046,3117.2124
FDF50,OUT017,3318.4402
FDK56,OUT049,3053.647
FDX10,OUT035,742.0877
NCK07,OUT027,3923.875
FDZ49,OUT017,3763.8113
FDR33,OUT013,1671.219
FDO44,OUT018,1473.6702
FDA20,OUT046,2997.9417
NCL30,OUT045,2017.3466
FDI05,OUT019,177.72366
FDQ12,OUT018,3400.549
FDH47,OUT017,1749.6392
FDH34,OUT018,2776.2495
FDF29,OUT046,2114.7393
FDG40,OUT018,419.5743
NCE18,OUT017,3875.767
FDP21,OUT010,378.13455
FDY50,OUT013,1375.7822
FDB36,OUT049,2291.2507
NCZ29,OUT049,2144.058
FDU20,OUT018,1556.6272
FDO56,OUT013,1699.6713
FDW31,OUT049,3040.437
DRH59,OUT013,962.2429
NCB30,OUT017,3141.1094
FDK43,OUT027,3281.6428
FDW43,OUT045,3984.8174
NCL19,OUT017,1997.5177
FDJ27,OUT046,1707.161
FDC45,OUT046,2598.0635
FDY40,OUT035,799.6683
NCM41,OUT035,1430.2273
NCK18,OUT019,354.98434
FDP37,OUT049,2098.1785
FDA27,OUT027,6198.4326
NCX30,OUT035,3538.3962
FDR09,OUT017,4411.716
FDG08,OUT027,4618.829
NCU30,OUT013,2458.9634
FDB16,OUT017,1417.596
FDM16,OUT017,1120.387
FDC48,OUT013,1144.4177
NCF18,OUT046,3079.622
FDU46,OUT018,1172.0415
FDH41,OUT018,3143.5461
NCN42,OUT010,435.92743
FDU49,OUT046,1439.7137
FDB20,OUT027,2117.4868
FDG50,OUT019,186.36484
FDW20,OUT045,2069.4438
NCO55,OUT049,1735.9955
FDX48,OUT046,2393.8245
FDU48,OUT046,2039.5609
FDR48,OUT019,375.58575
FDK27,OUT013,2077.3906
FDT35,OUT013,2623.769
FDN12,OUT049,1726.495
NCE31,OUT019,-16.447414
FDL21,OUT017,715.4237
FDV56,OUT017,1770.1313
FDR16,OUT017,3507.6724
NCP41,OUT049,1801.3618
FDJ27,OUT013,1717.3934
FDA07,OUT017,2190.6338
FDK55,OUT049,1458.7909
FDM33,OUT049,3364.1355
FDY46,OUT046,2983.9302
FDD36,OUT046,1712.1223
FDB12,OUT027,2600.8625
FDF28,OUT019,336.01102
NCE07,OUT019,361.34644
FDW50,OUT027,3897.8298
NCW18,OUT017,3634.7917
NCJ17,OUT019,155.21333
DRZ24,OUT010,336.16245
FDS07,OUT035,1823.1196
NCW05,OUT010,303.3117
FDZ22,OUT018,1174.6394
FDK02,OUT046,1755.3536
FDZ45,OUT027,5532.895
FDL25,OUT046,1323.34
FDS08,OUT045,2728.9866
NCZ42,OUT027,6190.4785
FDX57,OUT035,1586.1378
FDF21,OUT046,2990.3933
FDJ56,OUT018,1391.021
FDX10,OUT013,637.345
DRG48,OUT035,2447.722
DRN37,OUT046,2661.424
NCY41,OUT018,445.14224
FDN28,OUT045,1656.6552
FDE34,OUT045,2944.503
FDR10,OUT045,2516.7883
FDC32,OUT017,1531.0327
DRG13,OUT046,2574.615
FDP59,OUT049,1732.2506
NCT53,OUT010,383.3159
FDL57,OUT027,5639.2544
FDN32,OUT010,477.2481
FDK09,OUT018,3457.4294
FDA52,OUT010,436.1016
FDC57,OUT049,3090.2856
FDI09,OUT035,4396.4033
NCB07,OUT046,2970.7683
FDP26,OUT035,1729.1669
FDP40,OUT027,2876.318
FDL15,OUT013,2356.1274
FDV07,OUT046,1632.4733
FDS03,OUT017,1148.2222
FDE50,OUT049,3167.901
FDQ15,OUT017,1375.2428
FDQ33,OUT010,401.8118
FDT22,OUT013,868.8088
DRO35,OUT035,1828.914
FDJ41,OUT049,4176.0073
FDQ27,OUT035,1754.2004
FDC26,OUT017,2020.2656
NCF43,OUT027,3348.2905
NCR50,OUT035,2440.7468
FDE39,OUT018,1866.3528
FDN49,OUT027,1279.6907
DRG11,OUT035,1667.5835
NCA18,OUT049,1800.2352
FDM36,OUT018,2538.2715
FDW32,OUT017,1501.379
NCQ18,OUT010,265.75317
FDX14,OUT027,2134.9333
FDD46,OUT017,2425.6243
FDI34,OUT019,645.65594
NCJ17,OUT035,1429.4275
FDB52,OUT035,4112.742
FDV55,OUT018,2043.8995
FDC57,OUT046,2990.3933
FDB29,OUT046,1727.2
NCO43,OUT035,1614.8732
FDG44,OUT045,802.70593
FDJ34,OUT045,1971.733
FDH40,OUT049,1445.7473
NCD07,OUT027,2815.2852
FDB41,OUT017,842.5933
FDH47,OUT018,1409.3297
DRK37,OUT035,3159.8787
FDM25,OUT019,493.25446
NCX06,OUT045,2857.0598
NCS05,OUT017,2196.7756
FDS39,OUT045,2087.193
FDC47,OUT027,5551.745
FDG20,OUT013,2785.464
DRL23,OUT017,1562.5554
FDY33,OUT013,2440.5261
NCH18,OUT045,3511.9595
FDX47,OUT035,2543.855
NCB06,OUT045,2468.8557
FDP36,OUT049,954.34045
FDW44,OUT018,2498.759
NCU41,OUT018,2710.2334
NCS17,OUT046,1541.8649
FDD46,OUT035,2578.8862
FDE45,OUT017,2864.0957
FDI09,OUT017,4304.349
NCJ54,OUT010,615.4338
NCA29,OUT018,2571.1235
NCN41,OUT027,3179.21
FDY34,OUT035,2723.138
NCG55,OUT035,1792.5383
DRM49,OUT046,649.9986
NCB42,OUT049,1819.3169
FDE58,OUT045,1699.6539
DRJ25,OUT013,806.2894
FDS47,OUT010,161.20195
FDY21,OUT049,3051.8582
NCI54,OUT013,1664.244
FDO24,OUT017,2583.982
FDY43,OUT035,2695.9824
FDF35,OUT018,1543.3524
NCP29,OUT019,169.21751
FDN28,OUT027,2577.45
FDJ50,OUT018,665.0428
FDQ14,OUT027,3886.6418
FDC37,OUT035,1719.8368
FDN08,OUT046,1685.691
FDD04,OUT035,2212.8855
FDW34,OUT018,3863.3193
FDP04,OUT017,1101.7714
NCG07,OUT017,3075.0933
NCN14,OUT018,2750.3762
FDJ16,OUT045,834.9361
NCM42,OUT045,1638.0729
NCF19,OUT046,694.44867
FDY21,OUT018,2728.226
FDY19,OUT035,1813.8723
FDV09,OUT045,2361.562
FDA28,OUT013,2216.8408
FDC38,OUT018,1831.8182
FDL28,OUT045,3813.063
NCH43,OUT049,3344.7144
NCN53,OUT045,600.60974
NCW05,OUT017,1750.1403
NCO30,OUT018,2544.674
FDT04,OUT019,-11.739718
FDB27,OUT018,2708.5242
NCK07,OUT013,2593.0059
NCA53,OUT013,780.9195
FDB33,OUT018,2289.5957
FDU37,OUT017,1433.8352
FDR13,OUT035,1847.8497
FDE45,OUT049,2751.7058
FDV37,OUT017,3295.3757
FDX44,OUT019,142.3413
NCL06,OUT017,4071.442
FDJ28,OUT045,3063.8445
FDX55,OUT049,3437.9456
NCK17,OUT018,451.0088
FDH52,OUT035,1033.5588
FDN13,OUT027,2730.3748
FDK44,OUT018,2540.755
FDU16,OUT046,1341.9489
FDZ07,OUT017,980.5888
NCN06,OUT027,3907.2249
FDH02,OUT010,111.944374
NCW18,OUT045,3648.9473
FDH57,OUT013,2022.4175
FDV35,OUT045,2376.1653
NCU29,OUT013,2387.7332
NCP02,OUT046,885.99884
FDN44,OUT013,2546.597
FDX03,OUT018,518.70593
FDR11,OUT010,380.12357
FDA36,OUT046,2755.4412
FDP58,OUT027,5277.1533
FDH31,OUT045,1565.856
FDH34,OUT035,3247.615
FDS13,OUT035,4102.9683
FDT01,OUT018,3619.3975
FDY09,OUT049,2886.141
FDV33,OUT027,5448.8804
NCW29,OUT010,311.2368
NCN17,OUT045,1605.2439
FDX01,OUT046,1778.7225
FDL03,OUT049,3546.8113
DRL59,OUT049,993.0111
DRM11,OUT027,5980.5425
FDA43,OUT049,3097.834
FDZ56,OUT010,377.38083
FDI44,OUT018,1079.1848
FDB50,OUT013,1240.4963
FDU15,OUT019,-16.681154
NCJ19,OUT019,94.20553
FDD48,OUT013,1754.9714
NCW42,OUT035,3350.5935
FDL24,OUT017,2935.9185
NCB30,OUT013,3043.111
FDK25,OUT013,2717.555
FDW28,OUT049,3211.832
FDD47,OUT017,2875.8167
FDK16,OUT019,261.3636
FDW37,OUT046,1527.5236
FDA48,OUT035,3525.4487
FDA14,OUT017,2422.575
FDV15,OUT013,1696.8954
FDN22,OUT049,4017.667
NCD55,OUT045,630.0985
FDY43,OUT013,2621.6782
NCU05,OUT017,1394.3645
FDF10,OUT035,2512.0034
FDR39,OUT018,2756.1907
FDG40,OUT013,588.6102
FDZ28,OUT019,327.7773
FDE02,OUT045,1574.4199
FDU60,OUT049,2712.7605
FDM21,OUT013,3991.052
FDV52,OUT019,372.06302
NCW06,OUT013,2977.095
FDX36,OUT035,3712.5762
FDT35,OUT027,4202.814
NCL19,OUT010,336.6304
NCD31,OUT046,2262.9482
FDE53,OUT019,279.33057
FDW58,OUT019,241.57555
DRF48,OUT046,2886.914
FDW57,OUT035,2918.2502
DRH13,OUT017,1754.6304
FDT33,OUT013,2670.6294
DRK47,OUT027,5009.4976
FDY22,OUT010,406.4858
FDC35,OUT019,542.1145
FDO03,OUT013,4169.9014
FDF24,OUT045,1347.4094
FDF56,OUT018,2776.382
FDD28,OUT013,820.5183
FDG53,OUT027,3259.2883
FDO27,OUT019,244.04095
NCF54,OUT018,2505.1074
FDC20,OUT027,1539.9276
FDU10,OUT046,629.76
DRA24,OUT018,2289.2266
FDA02,OUT010,386.78403
FDG10,OUT017,946.78577
FDW39,OUT010,574.289
FDP04,OUT019,167.3199
NCM55,OUT013,3028.5684
FDG47,OUT045,4031.6184
NCU41,OUT017,3107.411
NCK31,OUT017,849.27686
FDZ46,OUT045,1639.2179
FDU13,OUT027,3902.8354
NCF19,OUT045,685.2825
NCJ43,OUT013,2804.756
NCJ05,OUT045,2295.546
FDS04,OUT027,3295.8215
FDX28,OUT010,242.04178
FDB41,OUT027,1464.7592
FDG53,OUT046,2052.865
FDL15,OUT010,422.49347
FDQ08,OUT049,963.22943
DRN36,OUT013,1461.8401
FDI46,OUT013,3901.5408
FDG16,OUT027,5398.456
FDV32,OUT013,1102.4617
FDF44,OUT010,364.32208
FDK04,OUT018,651.4824
NCA41,OUT013,3075.4287
FDD51,OUT017,677.4336
NCZ53,OUT045,3063.8445
FDP01,OUT027,4213.432
FDY25,OUT049,3036.7446
FDB17,OUT018,2649.5527
NCV54,OUT018,1766.4984
FDJ32,OUT017,1081.7504
FDA37,OUT049,2133.9265
FDG35,OUT035,2988.8684
NCM05,OUT018,4292.199
FDG45,OUT046,3241.037
FDH28,OUT013,659.33466
NCE18,OUT049,4124.184
FDH38,OUT045,1693.6964
FDR56,OUT013,3049.6924
FDH17,OUT027,2548.0017
FDD39,OUT049,3426.8215
FDB41,OUT049,808.78503
NCR53,OUT046,3884.3652
FDX46,OUT017,903.2025
FDV28,OUT049,762.4157
FDA08,OUT018,2365.8364
FDH45,OUT017,696.0824
NCS38,OUT010,366.40256
FDD40,OUT010,562.9164
DRM59,OUT035,2339.7705
NCJ43,OUT018,2547.755
NCN29,OUT013,796.90906
NCC19,OUT045,2908.7043
FDR56,OUT035,3102.5615
FDZ43,OUT049,3982.1274
FDJ32,OUT010,302.6024
DRH03,OUT017,1445.9738
NCZ54,OUT035,2555.717
FDE26,OUT017,2597.693
FDS03,OUT045,1053.1934
DRZ24,OUT019,330.17386
FDO48,OUT027,5471.3115
FDW39,OUT049,2951.0955
NCK05,OUT049,1068.8833
NCK30,OUT017,3707.2988
FDT27,OUT018,3464.809
FDS08,OUT019,513.97955
NCJ19,OUT049,893.2619
FDC58,OUT045,636.5237
DRE37,OUT013,2945.2168
FDW02,OUT035,2251.4763
FDJ02,OUT010,336.48114
FDX09,OUT045,2753.2866
FDT31,OUT010,477.2481
FDI24,OUT049,2910.24
FDY09,OUT045,2776.7783
FDV28,OUT045,577.4915
DRM47,OUT049,3094.3865
FDT52,OUT019,582.1921
FDI48,OUT018,559.4408
FDY55,OUT017,4542.88
FDU48,OUT013,2049.7935
FDN25,OUT045,833.388
FDP20,OUT049,2119.758
FDJ15,OUT013,3126.5686
FDD04,OUT018,1799.6371
FDY58,OUT045,3910.1008
FDR37,OUT018,2817.0042
FDF44,OUT013,2088.7163
FDD32,OUT045,1335.7003
FDR57,OUT017,2661.347
DRG39,OUT027,1521.2946
FDX15,OUT017,2671.9
DRN37,OUT045,2664.5637
FDW40,OUT027,3553.0864
FDB32,OUT049,1627.193
FDM40,OUT018,2024.5078
FDE39,OUT027,3322.3562
DRH49,OUT017,1444.291
FDT46,OUT049,871.8691
NCF06,OUT035,3889.4844
FDP07,OUT017,3113.1887
FDC04,OUT013,3734.8367
FDZ32,OUT017,1724.666
FDD50,OUT045,2622.8157
FDU56,OUT017,3102.2666
FDV34,OUT017,1129.425
NCY41,OUT013,614.1781
NCK18,OUT046,2546.1182
DRH25,OUT049,871.3192
FDT57,OUT046,3779.6333
FDV56,OUT018,1517.6844
FDV12,OUT045,1558.8876
FDN52,OUT017,1457.198
FDX38,OUT035,801.7291
FDE47,OUT018,1812.3593
NCO07,OUT013,3460.8052
FDV09,OUT027,3935.2114
FDZ23,OUT019,470.39273
DRH51,OUT018,1206.7467
NCY54,OUT045,2754.0393
DRG49,OUT013,3713.4277
NCC19,OUT049,3155.5894
NCV53,OUT045,3943.892
FDZ47,OUT019,375.5035
NCO26,OUT018,1552.5114
NCP02,OUT045,933.6947
NCW30,OUT018,3371.931
NCN55,OUT046,3763.934
FDB20,OUT010,117.61406
DRL11,OUT013,2343.5952
DRD60,OUT045,3141.9822
FDW14,OUT010,217.9055
FDL27,OUT010,163.805
FDU09,OUT018,693.61835
DRH36,OUT027,2055.311
FDP34,OUT027,3905.309
FDE04,OUT017,2929.8442
FDZ57,OUT027,3374.5095
FDF02,OUT010,316.22375
FDG28,OUT045,4082.7336
NCI31,OUT046,609.2261
FDT43,OUT013,801.8739
FDU20,OUT046,2096.99
FDD53,OUT013,641.4481
FDW15,OUT045,2341.5637
NCT53,OUT045,2474.1409
NCG55,OUT027,2821.3083
FDD48,OUT035,1816.8934
FDG47,OUT049,3748.1775
FDI21,OUT017,1095.4011
FDT27,OUT017,4087.449
DRO35,OUT013,1761.249
FDD33,OUT017,4060.0405
FDC04,OUT035,3889.719
FDY34,OUT013,2572.3867
DRJ49,OUT049,2151.8005
FDE05,OUT049,2473.7505
FDU31,OUT017,3539.1575
NCN19,OUT027,5477.737
FDK56,OUT027,5347.4443
FDK58,OUT017,1741.2518
NCJ42,OUT035,1724.2324
FDZ34,OUT027,5396.833
FDA52,OUT018,2694.1802
NCR29,OUT013,834.99243
FDT48,OUT035,2997.0964
DRJ51,OUT019,598.71704
NCS54,OUT046,2698.8274
FDV01,OUT035,2427.1172
DRG51,OUT027,4075.1338
NCG42,OUT013,2081.649
FDA51,OUT049,1735.6401
FDV19,OUT010,356.9866
NCT18,OUT045,3009.4573
NCS41,OUT045,3022.6191
FDO03,OUT046,4104.959
FDL12,OUT010,177.18849
FDY37,OUT010,396.0707
FDI58,OUT049,1536.3337
FDT28,OUT018,2068.1995
NCC42,OUT010,343.19858
FDO01,OUT017,2208.383
FDJ02,OUT013,2406.918
FDQ04,OUT018,442.69098
DRL47,OUT013,2048.2742
FDZ32,OUT035,1687.4843
FDC35,OUT035,4394.061
FDX14,OUT045,1009.3124
FDZ35,OUT013,1653.7445
FDL14,OUT013,2490.6152
FDO04,OUT049,897.7242
DRK11,OUT017,2387.113
FDB44,OUT018,3259.181
FDZ50,OUT049,3137.6672
FDI12,OUT027,2387.1384
FDU43,OUT017,3988.971
FDD58,OUT010,203.1839
FDB27,OUT017,3105.7017
FDB04,OUT018,1200.5924
NCO17,OUT013,1712.29
FDL12,OUT017,947.1703
DRJ13,OUT049,2579.2908
FDD57,OUT045,1533.3843
FDW19,OUT035,1687.4843
DRD27,OUT018,1485.7484
FDH27,OUT027,3867.486
NCW30,OUT027,6918.99
FDR40,OUT018,1192.229
FDG05,OUT013,2469.909
NCY41,OUT019,-15.520477
FDI38,OUT018,2923.6926
FDR20,OUT046,649.60156
FDE09,OUT017,1749.486
FDN50,OUT019,279.1364
DRF27,OUT045,2401.0945
DRF51,OUT013,627.12964
NCO02,OUT019,176.1506
FDB51,OUT027,1738.8856
FDJ50,OUT013,815.10913
FDN52,OUT013,1385.9978
FDX14,OUT013,1236.9949
FDT27,OUT019,842.5334
FDV10,OUT013,659.1481
FDU33,OUT046,682.1464
FDU58,OUT046,3045.8044
NCP42,OUT027,5701.604
FDL51,OUT027,5257.8457
DRH15,OUT027,1208.0653
FDU16,OUT017,1427.8115
FDW15,OUT017,2451.1462
FDQ44,OUT045,2122.7908
NCI06,OUT027,4968.8174
DRK23,OUT019,638.17346
FDC28,OUT035,1713.8981
NCY17,OUT019,-7.8314953
NCV05,OUT018,2115.0598
FDM34,OUT019,351.8708
DRD60,OUT027,5510.1646
FDT38,OUT046,1331.7333
FDQ57,OUT018,2115.0598
FDE59,OUT027,1055.468
NCM43,OUT046,2521.268
DRI51,OUT049,2758.8262
NCG30,OUT017,2156.3154
NCK54,OUT035,1844.658
FDQ16,OUT019,298.48627
FDI36,OUT013,2877.508
FDX16,OUT027,3888.351
FDA34,OUT046,2705.8025
FDJ48,OUT018,3040.1753
FDU47,OUT035,2146.8037
FDS39,OUT046,2103.1318
FDD11,OUT046,4039.6655
FDM16,OUT027,2063.8179
FDU56,OUT018,2729.88
FDQ32,OUT017,2140.367
DRK35,OUT013,623.71094
FDA58,OUT049,3828.5303
DRG48,OUT019,436.91388
FDT59,OUT010,793.9816
FDQ31,OUT019,123.74721
FDS51,OUT018,882.9344
FDW32,OUT027,2133.5537
FDI15,OUT027,7428.1484
NCV30,OUT017,1031.9529
DRG25,OUT049,3149.8386
FDT02,OUT013,620.0083
FDO33,OUT027,2950.2698
FDP38,OUT035,898.5626
FDZ45,OUT035,3185.0625
NCA54,OUT027,5088.1807
FDU33,OUT017,800.82477
FDN58,OUT017,3953.1304
FDI05,OUT045,1034.1888
FDM57,OUT019,170.65257
NCS42,OUT027,2342.4146
FDB57,OUT045,3522.0002
FDC03,OUT045,3026.8823
FDZ58,OUT013,2050.4927
NCK29,OUT045,2058.138
NCR53,OUT045,3907.1543
FDE26,OUT027,4004.7822
FDU52,OUT049,2415.2827
FDE41,OUT027,2357.896
FDU38,OUT018,2703.239
FDA52,OUT017,2875.8167
FDW46,OUT046,1028.6943
DRI59,OUT035,3981.5237
FDT38,OUT035,1401.8495
FDL33,OUT018,2744.05
FDQ01,OUT027,5960.0073
FDJ08,OUT046,3012.6025
FDQ47,OUT049,661.7981
NCZ18,OUT013,3723.7192
FDE29,OUT017,1045.5577
FDF10,OUT027,3946.9575
FDC48,OUT049,1502.811
FDY58,OUT013,3932.524
NCX30,OUT010,316.90967
FDV11,OUT013,2776.4783
FDT46,OUT046,787.2265
DRD01,OUT019,126.40309
FDQ11,OUT013,4100.6753
NCM41,OUT017,1585.1234
NCC55,OUT013,607.20306
FDG45,OUT027,5421.3506
NCQ54,OUT049,2710.0632
FDM34,OUT045,2056.082
FDD17,OUT019,544.9978
FDN38,OUT027,5994.2837
FDB53,OUT018,2091.6912
NCL06,OUT035,3958.211
NCV18,OUT019,148.2383
FDX25,OUT013,3084.4282
FDB39,OUT046,811.6093
FDC33,OUT049,3109.4414
NCO14,OUT018,466.88333
FDA58,OUT027,5833.39
NCQ02,OUT017,3117.7407
NCR53,OUT017,3828.1172
FDN52,OUT046,1375.7654
FDG26,OUT046,3918.581
FDE23,OUT027,1288.141
DRI37,OUT013,868.8088
DRH37,OUT018,2384.9
FDO01,OUT035,2164.4214
FDK45,OUT049,1713.967
FDP23,OUT049,3423.3032
FDM33,OUT035,3362.8325
FDD36,OUT017,2029.0752
FDL56,OUT017,1443.5472
FDT27,OUT010,848.522
FDG52,OUT017,665.31146
NCL42,OUT035,3896.9817
DRJ24,OUT046,3017.7468
FDV38,OUT046,815.30725
FDT35,OUT045,2612.1848
FDY51,OUT045,3402.7031
FDC37,OUT017,1741.3262
NCP43,OUT013,2988.2866
FDO33,OUT045,1710.576
FDW04,OUT018,1802.0315
NCC31,OUT046,2397.0876
FDK22,OUT049,3509.106
FDJ50,OUT017,946.4904
FDV13,OUT017,1553.5613
DRL60,OUT017,2471.1445
FDW03,OUT017,1781.9576
FDY27,OUT035,2949.208
FDB39,OUT027,1501.7911
FDU59,OUT045,2557.283
FDZ57,OUT049,2291.2507
FDO21,OUT049,3760.773
FDS43,OUT018,2747.7366
FDU28,OUT010,494.138
FDC51,OUT010,396.45816
FDW16,OUT010,271.2316
FDP32,OUT010,331.01804
FDB60,OUT019,426.46738
NCQ30,OUT046,2083.5518
FDD26,OUT049,3112.0024
FDI44,OUT045,1228.8218
DRH23,OUT046,832.7046
FDO44,OUT046,1603.4329
FDG04,OUT046,2886.914
FDM32,OUT027,2370.8884
FDM09,OUT013,2599.3281
FDZ47,OUT013,1592.553
FDM40,OUT027,3325.443
FDY48,OUT017,1724.8911
NCM30,OUT045,624.2683
FDX36,OUT010,646.80927
DRF03,OUT017,661.6251
FDN51,OUT049,4206.746
FDM57,OUT049,1445.7473
FDB35,OUT049,1536.3337
FDY13,OUT027,2169.5327
FDA37,OUT017,2327.1538
NCX53,OUT017,2173.407
FDD59,OUT018,1177.361
FDX10,OUT019,-7.014335
FDC03,OUT018,2739.2874
FDW43,OUT035,3881.5242
FDW10,OUT046,2750.147
FDY14,OUT027,6508.5327
FDV43,OUT045,725.697
FDO40,OUT013,2387.7332
FDP46,OUT027,2365.0586
NCE43,OUT019,369.18912
FDD05,OUT035,2098.0574
FDJ60,OUT010,424.1653
DRE27,OUT018,1396.0132
FDO11,OUT035,4315.9385
DRG11,OUT027,2360.2292
FDK33,OUT010,566.7041
DRM23,OUT045,2419.2952
FDJ02,OUT027,3954.3962
NCZ05,OUT045,1620.062
NCL30,OUT013,2043.5177
FDZ19,OUT018,2442.7424
FDM45,OUT049,2132.762
FDO36,OUT046,2573.7988
NCK31,OUT045,778.06036
DRJ37,OUT045,2314.7017
FDP24,OUT018,1779.9298
FDF46,OUT013,1661.6295
FDX46,OUT019,126.40309
NCL18,OUT045,2949.8655
FDJ26,OUT013,3382.5796
FDJ07,OUT045,1718.7356
FDY15,OUT013,2396.4106
DRG01,OUT045,991.86584
FDF58,OUT045,1006.7425
FDZ14,OUT019,309.86072
FDP31,OUT049,1023.4342
FDH45,OUT013,668.6644
FDA09,OUT010,436.1016
FDW31,OUT035,3026.8442
FDA57,OUT046,629.31573
NCE55,OUT035,2837.97
FDC17,OUT019,540.6606
FDC59,OUT013,1019.7709
FDA22,OUT013,2587.7207
FDK52,OUT035,3986.3298
NCM26,OUT046,2357.26
NCT53,OUT035,2675.258
FDW45,OUT018,2055.0667
NCI18,OUT035,3408.933
FDE38,OUT018,2259.67
FDF08,OUT019,165.50818
FDY58,OUT010,769.2313
FDF58,OUT019,142.0964
FDX39,OUT017,3562.1738
FDB44,OUT049,3553.4395
FDF28,OUT013,2075.9395
FDE39,OUT013,1861.155
FDT37,OUT018,3698.2
FDZ45,OUT017,3126.5667
FDO40,OUT035,2471.0906
FDM57,OUT027,2357.896
DRG36,OUT017,2922.4255
FDY36,OUT010,-51.217396
DRL60,OUT027,3935.2114
FDS25,OUT019,341.97934
DRF49,OUT027,2841.416
FDP16,OUT045,4117.179
FDS60,OUT049,3135.0188
FDU15,OUT027,1121.988
FDK43,OUT046,2090.5269
FDN25,OUT046,842.5542
FDE53,OUT049,1745.6292
FDB22,OUT013,2439.231
FDE39,OUT017,2135.2583
FDX35,OUT035,3824.116
NCG54,OUT049,2686.5715
FDH27,OUT035,2387.673
NCK42,OUT013,3286.821
FDS25,OUT049,1724.1193
FDI10,OUT018,2542.8457
FDU35,OUT035,1716.6189
FDI04,OUT017,3138.174
DRK23,OUT035,3978.2546
FDB53,OUT019,388.8901
FDY02,OUT049,3391.226
FDM60,OUT035,693.0225
NCJ31,OUT010,587.5503
DRP35,OUT017,2116.791
NCQ30,OUT018,1841.8115
DRL11,OUT010,180.54913
FDU01,OUT013,3128.4424
FDR39,OUT035,3111.3157
FDO08,OUT046,2584.745
FDC02,OUT045,3867.6475
NCZ29,OUT035,2137.3135
FDF29,OUT010,385.91718
FDZ23,OUT017,3152.7556
NCU53,OUT018,2202.244
NCW30,OUT013,3754.7607
NCM26,OUT027,3935.2114
FDV50,OUT027,3211.3174
FDW15,OUT049,2442.1448
FDI35,OUT027,5416.328
FDO11,OUT017,4113.538
FDN48,OUT046,1426.7797
NCA17,OUT049,2396.127
NCN54,OUT013,1237.5591
FDP22,OUT013,814.7956
NCB54,OUT035,2118.1577
FDD08,OUT045,509.66248
DRM48,OUT010,-9.531873
FDG41,OUT027,2831.081
FDE44,OUT027,1313.4512
FDE26,OUT035,2523.4368
NCS38,OUT013,1737.9318
NCJ54,OUT018,3445.8528
FDI40,OUT019,278.34674
FDN45,OUT018,3645.4653
FDU43,OUT046,3882.235
FDI04,OUT010,491.18393
NCC07,OUT018,1495.2085
NCC07,OUT019,266.2689
NCD18,OUT045,3548.3923
FDU55,OUT035,4649.3716
FDX59,OUT035,654.9061
FDR52,OUT049,3114.5857
NCP17,OUT013,1036.2504
FDQ32,OUT045,2001.7026
NCT17,OUT049,3109.349
FDO10,OUT049,1016.8598
FDE32,OUT049,664.28827
FDN44,OUT045,2535.0127
FDH02,OUT035,1452.2903
FDK60,OUT013,1509.2015
FDS24,OUT019,185.23407
FDL03,OUT010,505.37628
FDB46,OUT027,5368.768
FDO48,OUT049,3618.6821
FDZ39,OUT049,1781.9945
FDT02,OUT027,1060.748
FDC50,OUT013,1553.8895
FDP39,OUT035,893.68396
DRG15,OUT018,778.3083
FDP10,OUT018,1511.0142
FDF53,OUT027,5353.6304
FDN34,OUT045,2593.029
FDK02,OUT045,2065.7153
FDC23,OUT045,2800.147
FDJ10,OUT019,347.65396
FDE53,OUT035,1754.5763
FDR25,OUT035,4919.42
FDW50,OUT046,2595.7285
FDS09,OUT049,874.54504
FDW49,OUT010,439.00504
FDU51,OUT046,2851.6616
FDF28,OUT018,1823.9666
NCY30,OUT018,2468.7363
FDD44,OUT045,3992.3733
FDX09,OUT017,2862.8691
NCF30,OUT013,2077.334
FDZ50,OUT019,445.21115
FDW37,OUT013,1345.6831
FDD11,OUT049,4160.129
DRH39,OUT018,855.8714
FDA36,OUT049,3019.7878
NCG43,OUT049,1524.7264
FDF02,OUT035,1765.2947
FDP57,OUT027,2609.0708
NCE42,OUT017,3840.4736
NCR38,OUT027,5765.4946
FDP03,OUT019,377.12344
FDO51,OUT035,736.63324
NCQ42,OUT046,2039.3083
NCM41,OUT046,1234.4979
FDH48,OUT027,2336.0854
DRF60,OUT046,3744.7783
FDJ27,OUT035,1755.6753
FDQ14,OUT013,2339.1636
FDN27,OUT017,1795.7014
NCQ02,OUT046,2854.5964
FDJ33,OUT049,2132.762
FDP07,OUT027,5388.599
DRE01,OUT049,3770.1775
FDU36,OUT045,1507.7329
FDL28,OUT017,3698.889
NCX53,OUT046,2079.7632
FDZ39,OUT013,1707.5844
NCP42,OUT013,3264.5046
FDJ14,OUT035,1391.2169
FDK04,OUT049,894.92847
NCC19,OUT017,3104.48
FDS09,OUT018,631.099
FDZ02,OUT046,1535.4325
FDD35,OUT018,1848.7865
NCY42,OUT017,2317.0642
FDB05,OUT045,3796.4753
FDF20,OUT035,3168.2288
NCO41,OUT018,1317.7904
FDC40,OUT027,2143.4397
FDV58,OUT045,3031.645
FDZ57,OUT045,2062.3733
DRM35,OUT046,2701.7517
DRN36,OUT018,1363.9059
FDQ13,OUT046,1421.0981
DRO35,OUT010,306.24304
NCD43,OUT035,1724.2324
FDA51,OUT018,1525.6923
NCX17,OUT027,5833.39
NCZ17,OUT049,725.05206
FDR11,OUT027,3916.9165
FDW34,OUT049,3809.4722
FDN50,OUT017,1644.1477
FDS09,OUT046,789.90247
FDS48,OUT018,2101.7556
FDL44,OUT049,2597.6382
DRF48,OUT018,2710.2334
FDA14,OUT018,2131.2236
NCD30,OUT049,1632.3374
FDI16,OUT017,858.5828
NCG06,OUT035,3889.4844
DRZ24,OUT035,2112.8726
NCS17,OUT045,1532.6987
FDB37,OUT045,4060.0898
FDE10,OUT035,2206.099
FDC57,OUT045,3004.2915
FDM12,OUT018,2755.5781
FDE24,OUT049,2060.0073
FDW22,OUT045,3434.7192
DRD01,OUT027,1272.9645
NCZ18,OUT027,5820.7803
FDN49,OUT045,640.1125
FDR22,OUT035,1908.4004
FDV08,OUT019,-12.975884
FDY39,OUT046,3029.948
FDV36,OUT049,2161.865
FDO60,OUT045,723.36725
FDU04,OUT027,3206.1082
FDR20,OUT027,1313.1268
FDW19,OUT019,304.94897
FDU40,OUT049,3203.1855
FDK15,OUT045,1589.5309
DRF15,OUT035,2510.623
FDQ25,OUT017,3102.9795
FDI48,OUT019,179.13933
FDS49,OUT046,1301.2507
FDV22,OUT046,2489.8267
NCV42,OUT046,1654.0116
FDX26,OUT046,2954.7974
FDI33,OUT018,1199.6252
FDZ14,OUT049,2134.8005
FDG10,OUT013,887.08185
FDM38,OUT018,608.6309
FDG26,OUT027,5549.395
FDH46,OUT035,1769.939
FDN13,OUT018,1388.8008
FDU57,OUT035,2464.7188
NCI06,OUT046,2748.0618
FDM38,OUT045,824.95245
NCG42,OUT010,323.41745
FDL39,OUT045,2873.3057
FDT31,OUT019,500.64368
FDV59,OUT013,3368.68
FDB49,OUT035,1742.8948
FDD58,OUT049,1723.3641
DRN59,OUT046,713.0766
FDX48,OUT049,2451.9048
FDQ11,OUT049,4181.717
FDY12,OUT049,853.8302
FDQ11,OUT045,3785.4146
DRI11,OUT017,1858.8699
FDY32,OUT027,3914.2
FDS51,OUT045,981.3755
FDR19,OUT010,401.3414
DRB13,OUT018,2796.895
FDS21,OUT035,1141.4714
FDQ40,OUT045,2865.1013
NCE55,OUT013,2763.6658
FDX43,OUT027,3875.0981
FDS12,OUT049,2079.6338
DRK01,OUT027,2463.1558
FDN25,OUT017,922.35815
FDB60,OUT046,3020.8928
FDQ13,OUT017,1534.9457
DRK13,OUT045,3031.645
DRF25,OUT018,414.54495
NCD42,OUT019,7.02923
FDW25,OUT045,1429.6697
NCV29,OUT027,4774.5083
NCK42,OUT035,3325.546
DRJ13,OUT027,3899.539
DRD15,OUT017,3816.09
FDM27,OUT045,2587.2456
FDZ50,OUT018,2764.0781
FDC04,OUT046,3709.3542
FDF50,OUT049,3123.8867
FDP15,OUT045,3912.3726
FDK46,OUT035,4201.019
FDZ56,OUT018,2420.245
FDY60,OUT049,2578.2246
FDB10,OUT035,4018.5408
FDR57,OUT045,2471.4536
FDU58,OUT049,3161.446
FDH02,OUT046,1439.7137
FDP48,OUT013,3060.3923
FDI46,OUT035,4130.6646
FDW56,OUT013,3023.424
NCM19,OUT010,353.2228
FDS50,OUT027,5343.683
FDK24,OUT013,638.4205
FDO36,OUT017,3111.7468
FDK45,OUT027,2761.2512
NCL05,OUT045,622.94586
FDL32,OUT018,1580.6099
FDA28,OUT049,2136.5098
FDY36,OUT018,843.80096
FDP32,OUT018,1921.3844
FDL50,OUT046,2045.5737
DRC24,OUT049,2462.143
NCS18,OUT017,1718.0792
FDD16,OUT017,1165.2275
NCV18,OUT013,1370.5165
FDX07,OUT046,3040.6602
NCZ05,OUT027,2540.857
NCI31,OUT013,614.1781
FDK14,OUT049,1443.0469
NCR06,OUT045,629.54865
NCF54,OUT049,2820.125
DRG23,OUT010,212.68129
FDD53,OUT046,606.7797
NCM31,OUT027,3278.444
FDT16,OUT017,4509.907
FDR40,OUT035,1316.2194
DRG25,OUT017,3198.2178
FDT10,OUT035,1100.4208
FDY32,OUT013,2505.5066
FDN50,OUT035,1539.7758
FDZ35,OUT019,265.34763
NCP54,OUT045,1981.8109
NCD07,OUT035,1786.515
FDS02,OUT018,3212.7546
DRN59,OUT018,586.4849
DRB24,OUT013,2471.4304
FDP37,OUT027,3565.3467
DRB01,OUT018,2704.9482
FDR47,OUT046,2956.5066
NCM31,OUT010,348.96854
NCF06,OUT027,5409.2637
NCV17,OUT027,3530.9487
FDS10,OUT049,2711.5369
FDN52,OUT035,1416.4985
FDZ48,OUT013,1731.6768
FDJ48,OUT049,4143.5757
DRB13,OUT027,5956.4487
FDV59,OUT017,3466.6782
FDL32,OUT035,1724.7944
FDZ12,OUT035,2121.892
NCR06,OUT027,1090.2368
FDP51,OUT017,2024.8859
FDY22,OUT013,2140.8596
FDZ38,OUT049,2902.305
NCO54,OUT035,905.8392
FDR23,OUT035,2822.6821
FDM38,OUT049,927.9703
FDS25,OUT013,1769.9357
FDZ22,OUT013,1343.6749
FDZ20,OUT019,900.01324
FDD45,OUT010,262.20776
FDN03,OUT049,4218.391
NCW30,OUT046,3589.6147
FDY24,OUT027,1594.0364
FDJ26,OUT019,524.74286
FDM15,OUT049,2578.2246
NCW54,OUT027,1613.299
FDA23,OUT045,1590.3228
FDA39,OUT019,7.888461
FDZ12,OUT017,2421.211
NCB42,OUT046,1734.6743
FDL16,OUT046,757.5233
FDO24,OUT019,241.39897
NCP42,OUT046,3223.273
FDR19,OUT018,2030.9706
DRL01,OUT045,3868.6096
FDV37,OUT046,3043.548
FDI41,OUT010,422.30975
FDF58,OUT049,1068.8833
NCF43,OUT018,1783.4492
FDN02,OUT049,3100.395
NCP41,OUT035,1810.309
NCY17,OUT027,1245.2339
FDL58,OUT027,5811.2983
NCA30,OUT027,5349.3604
FDE46,OUT018,1910.7642
FDY38,OUT035,3795.1086
NCH29,OUT027,2468.9856
FDO20,OUT045,3905.49
FDP44,OUT018,1502.8164
FDM02,OUT027,2384.9563
FDJ14,OUT027,2252.2395
FDH04,OUT010,176.84856
DRK23,OUT046,3797.89
NCW05,OUT046,1660.9265
FDF12,OUT049,2377.5376
FDL51,OUT019,445.54187
FDN03,OUT018,3873.8245
DRJ37,OUT049,2415.2827
FDM12,OUT019,470.39273
FDA16,OUT045,3506.499
NCB07,OUT017,3094.249
NCI17,OUT019,190.2622
FDR51,OUT046,2363.045
FDJ55,OUT045,3665.7407
NCZ17,OUT013,650.6419
FDU25,OUT013,847.10974
NCG18,OUT045,1638.0729
DRM11,OUT017,4367.882
FDH16,OUT035,1491.0442
FDZ04,OUT018,765.11676
NCX53,OUT035,2173.353
FDX38,OUT027,1445.4624
FDX09,OUT046,2750.147
NCW05,OUT018,1502.1234
NCS41,OUT017,3132.2017
FDI26,OUT046,2748.751
NCZ41,OUT027,3250.5317
NCK06,OUT046,2060.183
FDX23,OUT027,2455.6814
NCA42,OUT046,2514.293
FDC20,OUT049,907.05396
DRC49,OUT018,2068.1995
FDX01,OUT013,1775.8531
FDC08,OUT045,3761.2312
FDC02,OUT017,4569.639
FDK10,OUT045,2770.7341
DRC24,OUT013,2387.7332
FDW16,OUT019,265.243
NCU06,OUT018,3328.0208
DRA59,OUT045,3068.0432
FDR24,OUT019,241.90714
DRL35,OUT018,508.76285
FDA49,OUT013,1349.9624
NCC55,OUT046,596.97064
DRD24,OUT019,318.0543
NCE55,OUT049,2795.0938
FDT33,OUT045,2763.5193
NCT53,OUT013,2485.725
FDS26,OUT046,3870.2756
FDL22,OUT018,1214.8445
FDP44,OUT017,1755.2633
FDC52,OUT018,2175.2378
FDI53,OUT010,380.12357
FDZ23,OUT046,3029.275
NCT18,OUT013,3021.0415
FDR13,OUT046,1822.9465
FDB09,OUT010,389.23425
FDZ60,OUT013,1666.7455
FDB11,OUT046,3709.024
FDC10,OUT018,1753.9694
FDW56,OUT035,3105.6763
FDK14,OUT027,2372.171
DRE27,OUT027,2476.1074
FDA38,OUT017,4035.308
FDT11,OUT045,3075.452
FDP15,OUT035,4406.2334
FDV27,OUT035,1448.8221
FDS36,OUT027,2567.046
FDY40,OUT027,1268.3817
NCF19,OUT049,786.0662
FDF53,OUT045,3028.9414
FDS14,OUT027,3922.1658
FDE56,OUT046,1079.4396
FDZ19,OUT035,2838.175
FDZ46,OUT013,1744.981
FDR16,OUT046,3388.6216
FDG29,OUT018,447.97632
NCE30,OUT017,3312.339
FDZ40,OUT046,776.7879
FDG58,OUT018,2155.9656
DRH03,OUT013,1472.1245
FDZ47,OUT045,1566.3818
FDV04,OUT018,2288.6257
FDZ10,OUT018,1798.5193
FDG46,OUT017,1863.2943
NCF07,OUT045,1539.048
FDY44,OUT035,3158.4011
FDB21,OUT013,3831.027
FDS20,OUT035,3111.3113
FDS49,OUT049,1330.014
FDX55,OUT027,5295.7197
NCQ02,OUT018,2720.5632
FDR25,OUT013,4141.807
DRG39,OUT045,787.1041
FDB46,OUT046,3290.6091
NCC30,OUT018,2482.322
FDE58,OUT035,2050.6074
FDC05,OUT019,482.9698
FDY15,OUT046,2498.892
FDG14,OUT046,2371.8962
FDL08,OUT049,4053.197
FDQ47,OUT013,637.345
FDN12,OUT035,1698.3145
FDW10,OUT013,2764.34
FDD02,OUT035,1766.9181
FDX35,OUT010,668.9217
FDT35,OUT046,2609.0452
DRN47,OUT019,440.73163
FDB11,OUT010,619.25964
FDN20,OUT045,2642.2935
FDB59,OUT035,3100.5098
FDJ58,OUT045,2779.555
FDU60,OUT046,2623.6267
FDS03,OUT049,1147.0021
FDU40,OUT019,458.92743
DRH15,OUT049,787.6446
FDD04,OUT027,3878.4082
FDQ01,OUT046,4372.777
FDF28,OUT035,2122.1697
FDD22,OUT010,323.91562
FDY19,OUT046,1703.3583
FDN33,OUT035,1581.3269
FDV36,OUT035,2149.3774
FDW01,OUT010,418.2801
FDJ28,OUT049,3149.8386
FDB17,OUT035,2946.7996
FDM40,OUT049,2063.0142
FDV46,OUT045,2063.8245
FDQ44,OUT049,2081.5806
NCD42,OUT046,651.5077
DRH37,OUT046,2496.5278
FDR10,OUT018,2294.74
NCD06,OUT027,1306.4762
FDI53,OUT046,2507.5344
FDG16,OUT035,3461.8542
DRB25,OUT046,1655.1566
FDY09,OUT046,2781.258
FDX48,OUT045,2351.3237
FDC03,OUT010,489.4747
FDT47,OUT035,1623.6754
FDW44,OUT027,4659.0005
FDT24,OUT017,1132.436
FDT12,OUT019,1003.50323
NCS38,OUT035,1797.4371
FDO39,OUT035,3150.0574
FDA13,OUT046,713.18835
FDO48,OUT035,3620.7815
DRJ01,OUT017,2613.11
FDD53,OUT018,447.97632
NCT05,OUT049,4160.129
FDQ51,OUT045,834.86285
FDU60,OUT013,2581.3828
FDC59,OUT046,977.8705
FDP36,OUT035,849.36127
NCM19,OUT017,1729.6445
FDL16,OUT035,689.1866
FDE50,OUT018,2822.085
NCR18,OUT013,645.4786
NCD30,OUT035,1555.4271
FDH31,OUT013,1599.5214
FDD56,OUT019,406.93024
FDC47,OUT049,3980.6787
FDZ21,OUT045,1513.7087
FDM01,OUT049,1794.4829
FDF24,OUT013,1391.7487
FDW23,OUT017,644.7445
FDY52,OUT018,791.43494
DRH37,OUT027,3949.4016
DRO47,OUT027,2680.7344
FDR25,OUT049,4285.9146
FDQ24,OUT027,5891.3022
DRJ51,OUT018,3578.1091
NCU06,OUT035,3725.6978
NCV18,OUT018,1201.481
NCC06,OUT027,3269.6296
FDZ01,OUT018,1549.8894
FDT14,OUT017,2173.1887
FDD11,OUT019,729.5262
FDN09,OUT017,3713.6582
NCO18,OUT010,425.58423
FDZ50,OUT045,3051.673
FDS44,OUT013,3973.8723
FDI36,OUT045,3043.173
FDA26,OUT010,510.68726
NCY53,OUT049,1800.2352
FDF32,OUT049,3097.834
FDF59,OUT010,345.05328
FDB20,OUT046,1204.1714
DRH11,OUT035,895.093
FDT03,OUT049,3126.47
NCH06,OUT035,3708.4207
FDR55,OUT049,3065.2544
FDI10,OUT035,2911.5374
FDZ12,OUT045,2057.4387
FDM12,OUT049,3129.1672
DRB25,OUT045,1639.2179
NCS41,OUT013,3034.2034
NCT53,OUT049,2560.135
NCD55,OUT013,649.4971
FDY08,OUT049,2112.006
NCP55,OUT049,911.64844
FDA33,OUT013,2387.7332
FDQ33,OUT013,2332.6392
FDE45,OUT027,4734.019
FDT26,OUT013,2079.5464
NCV53,OUT049,4040.725
FDK60,OUT027,2368.7146
NCJ29,OUT046,1272.6256
FDI15,OUT045,3005.673
FDX21,OUT013,1640.9479
FDV49,OUT019,654.43976
DRO59,OUT046,1160.2943
FDZ14,OUT045,2034.2196
FDP32,OUT027,3203.9524
FDC33,OUT017,3133.0298
FDT14,OUT010,339.12723
NCN54,OUT027,2135.4973
FDR57,OUT027,4026.399
DRK12,OUT046,592.852
FDX52,OUT049,3120.9565
FDX08,OUT010,430.94656
FDP10,OUT010,289.16324
NCP50,OUT045,1225.1355
NCL06,OUT013,3814.3936
FDP25,OUT013,3442.2734
FDE53,OUT013,1671.219
FDL27,OUT017,1117.4913
FDC35,OUT049,3476.4272
DRJ47,OUT010,218.4888
FDD16,OUT018,1128.8455
NCN42,OUT049,2438.7744
FDC38,OUT027,3300.6824
NCO07,OUT045,3399.7432
FDQ20,OUT049,725.7379
FDI32,OUT046,1728.4409
FDN20,OUT010,400.02582
DRJ51,OUT027,5510.809
FDU08,OUT045,1533.3843
DRN37,OUT019,376.16415
FDD05,OUT010,361.50397
FDW15,OUT046,2353.011
FDI52,OUT046,2074.0767
DRM11,OUT049,3474.8433
NCO06,OUT045,602.4652
FDU38,OUT049,3076.8281
FDU59,OUT018,2443.1846
FDJ10,OUT046,2089.3982
FDM13,OUT049,2146.7954
NCJ30,OUT019,376.12222
FDM45,OUT018,1806.3788
FDP36,OUT045,791.5141
NCD30,OUT010,162.39243
FDN48,OUT017,1614.4233
FDY32,OUT049,2529.9595
FDU47,OUT046,2098.289
FDF17,OUT019,472.52588
FDP34,OUT017,2604.2192
FDA47,OUT049,2570.1836
DRD27,OUT027,2483.2524
FDW38,OUT045,834.0171
FDZ15,OUT019,448.39474
FDZ03,OUT027,5351.572
NCN19,OUT049,3126.47
FDG02,OUT035,3156.0493
FDS31,OUT035,3101.4836
FDW43,OUT019,543.3014
FDZ47,OUT010,305.84995
FDO57,OUT017,2613.11
NCL07,OUT013,656.4721
NCV42,OUT013,1664.244
FDP40,OUT017,1863.2943
FDP48,OUT019,480.52274
FDH21,OUT017,3043.0952
NCP02,OUT049,1004.30786
FDK24,OUT049,698.4574
FDC41,OUT045,1025.6825
FDF08,OUT017,1441.823
FDO49,OUT017,857.783
FDS56,OUT027,7080.2764
FDX46,OUT018,799.5386
FDQ07,OUT013,3296.1887
FDC32,OUT010,226.78427
FDT21,OUT019,158.8256
FDG58,OUT045,2326.5325
FDW14,OUT049,1413.4408
DRA12,OUT027,3284.815
FDV27,OUT013,1410.3737
DRD25,OUT013,1744.981
DRF48,OUT027,5366.0107
FDX24,OUT017,1376.9347
DRJ51,OUT046,3854.6409
FDE45,OUT045,2864.634
FDE14,OUT046,1728.9379
FDG53,OUT045,2036.9266
FDT08,OUT046,2301.8489
DRC27,OUT027,5571.7
FDG20,OUT035,2838.864
FDC21,OUT046,1592.6149
FDV31,OUT018,2540.755
FDB58,OUT045,2107.8386
FDV23,OUT046,2074.0767
FDA25,OUT019,343.65482
FDC15,OUT046,2487.2847
FDU47,OUT049,2132.9744
FDE23,OUT013,863.94073
FDS08,OUT013,2740.5708
FDW03,OUT027,2593.17
FDJ60,OUT018,2297.4373
FDM34,OUT017,2153.0596
FDW33,OUT013,1680.0497
FDZ40,OUT013,806.3901
FDE33,OUT018,1153.0607
NCC06,OUT010,304.26175
FDU11,OUT046,1913.8206
FDL44,OUT017,2621.2266
NCZ29,OUT017,2153.0596
FDG28,OUT010,1140.233
FDL12,OUT018,722.86053
FDD52,OUT017,1753.1052
FDO15,OUT013,1069.5148
NCN29,OUT027,1336.8223
FDW36,OUT013,1632.929
FDB21,OUT046,3805.5447
FDZ28,OUT013,2033.0183
FDY10,OUT035,1867.7319
DRG39,OUT017,838.9508
FDN28,OUT013,1682.8263
FDV15,OUT035,1773.0476
DRI13,OUT035,3532.6404
FDH20,OUT046,1554.1577
FDY51,OUT013,3497.6746
FDE16,OUT013,3484.1738
FDX40,OUT018,445.32898
FDC48,OUT018,1234.4247
FDS14,OUT046,2469.292
FDX56,OUT017,3541.775
FDI10,OUT046,2761.7544
FDI14,OUT013,2081.597
DRM48,OUT013,628.8388
NCH07,OUT027,3888.7603
FDY26,OUT013,3535.3137
FDD02,OUT027,2797.221
FDM12,OUT046,3029.275
DRF01,OUT010,394.8787
FDV36,OUT046,2077.2227
DRI59,OUT013,3447.1477
FDV03,OUT018,2286.503
FDO39,OUT017,3493.7566
NCB07,OUT018,2697.0715
FDH38,OUT027,2848.9194
FDZ13,OUT035,870.8242
NCZ30,OUT046,2083.5518
NCA06,OUT035,673.7997
FDB04,OUT049,1444.0381
FDN50,OUT013,1454.8851
NCG06,OUT049,3940.0566
NCY17,OUT018,515.31793
FDC23,OUT046,2780.7273
FDK33,OUT049,3485.7373
FDR03,OUT049,3579.2292
FDZ07,OUT045,931.0323
FDO38,OUT013,1225.8357
FDS59,OUT046,1688.6182
DRM11,OUT019,616.6325
FDX52,OUT027,5458.3022
DRJ35,OUT018,645.8382
NCP53,OUT046,3925.0835
FDW15,OUT019,492.09818
DRI47,OUT045,2345.5037
DRZ11,OUT035,2134.1987
FDS02,OUT013,3044.2366
DRD49,OUT018,3486.2393
FDW38,OUT049,837.53955
FDR21,OUT019,434.32983
FDE40,OUT013,1051.8782
FDI02,OUT045,1692.5464
FDQ04,OUT045,622.04956
FDY14,OUT017,4509.8994
NCT54,OUT046,1549.5505
DRD25,OUT017,1828.3923
DRE01,OUT045,3732.1924
FDJ12,OUT010,575.4549
NCZ05,OUT049,1720.6433
DRB25,OUT019,313.14706
NCC31,OUT045,2533.182
FDM16,OUT045,1025.3582
DRG11,OUT049,1730.5184
FDV24,OUT027,3889.7078
FDV43,OUT046,621.6873
FDG05,OUT018,2142.7468
FDV23,OUT010,323.8243
FDI58,OUT018,1292.8881
FDQ11,OUT017,4473.8984
FDC05,OUT027,5423.1
FDF40,OUT013,3453.3245
FDU02,OUT018,3432.0325
FDT32,OUT013,3035.0315
NCF06,OUT017,3965.9768
FDT46,OUT013,796.90906
FDR58,OUT010,156.35056
FDY04,OUT046,2423.019
FDT58,OUT045,2576.1365
FDE46,OUT049,2262.8853
DRH11,OUT017,887.03217
DRI51,OUT046,2669.6924
FDC35,OUT017,3136.7976
FDP45,OUT035,4192.7305
FDC45,OUT017,2728.5073
FDU01,OUT045,3116.8582
FDJ53,OUT010,345.05328
FDJ46,OUT017,2843.7134
FDX07,OUT013,3081.8918
NCI30,OUT049,4134.6743
FDE47,OUT027,3282.8237
FDV48,OUT045,1298.0476
FDN16,OUT019,310.6057
FDM52,OUT013,2387.7332
FDA32,OUT027,5361.736
FDH05,OUT017,3891.2288
FDW25,OUT010,180.5348
FDQ09,OUT046,1715.5927
NCM17,OUT010,135.36923
DRM59,OUT046,2173.853
FDV47,OUT027,2330.234
DRE15,OUT035,1111.8265
FDS25,OUT010,341.97934
NCZ05,OUT018,1477.1976
NCV05,OUT019,373.66995
DRM37,OUT046,3067.0723
FDV58,OUT027,5411.4937
FDN22,OUT027,6641.069
NCO06,OUT049,653.29193
FDT56,OUT019,114.3256
FDM02,OUT013,1358.4688
FDA09,OUT046,2994.157
NCC06,OUT035,2177.1416
NCL54,OUT049,2814.8398
NCB55,OUT017,867.6456
FDB12,OUT017,1785.2198
NCA54,OUT049,2850.6865
NCS38,OUT049,1811.1573
FDC02,OUT049,4119.7017
FDK44,OUT019,395.32312
FDE16,OUT035,3582.1182
NCS05,OUT035,2196.7217
FDZ59,OUT045,2641.4272
FDI20,OUT017,3491.1228
FDQ14,OUT046,2324.4397
FDF53,OUT017,3112.2175
FDW25,OUT017,1598.4019
NCQ43,OUT010,303.3117
FDX52,OUT013,3046.5466
FDE28,OUT045,3620.7122
FDN15,OUT017,2196.7756
FDO28,OUT017,2011.2681
FDQ33,OUT045,2310.898
FDM22,OUT010,133.51668
FDJ03,OUT017,834.25415
FDI16,OUT045,821.25214
FDI09,OUT027,5820.706
FDX55,OUT013,3363.5356
FDS23,OUT027,3256.3018
DRC12,OUT045,3027.4172
FDH41,OUT049,3485.7373
FDN01,OUT013,2816.0876
FDV55,OUT045,2290.4016
NCJ19,OUT013,868.8088
NCY29,OUT010,123.88556
FDP03,OUT018,1855.734
FDZ52,OUT045,1653.8785
FDH31,OUT010,397.21207
FDQ19,OUT018,3810.796
FDS15,OUT035,1765.3975
FDN32,OUT017,2993.8157
FDH32,OUT049,1635.6299
FDF33,OUT017,2147.985
FDJ22,OUT046,2983.9302
FDG56,OUT010,153.83301
FDC05,OUT046,3029.3542
FDK09,OUT013,3730.7026
NCV29,OUT045,2800.147
NCC43,OUT019,617.892
NCA42,OUT049,2626.1511
FDC10,OUT046,1713.7391
FDC16,OUT013,1377.1671
NCL17,OUT013,2082.2532
FDA51,OUT035,1749.4688
FDW01,OUT017,2605.9268
NCF30,OUT045,2051.1628
FDN49,OUT013,659.51105
FDY20,OUT045,1322.353
FDC15,OUT045,2499.3152
FDY24,OUT046,798.05914
NCG43,OUT017,1603.2136
FDA48,OUT013,3472.5796
NCF55,OUT017,644.8813
FDL38,OUT049,1477.5151
NCQ29,OUT018,3592.6465
FDC34,OUT017,2608.8936
FDP36,OUT027,1478.2141
FDN50,OUT010,394.2857
FDO23,OUT049,1591.2112
FDT56,OUT013,872.1706
FDT13,OUT027,5439.6045
FDZ03,OUT013,3038.4666
FDQ03,OUT010,839.63116
FDU44,OUT045,2451.522
FDD03,OUT049,3845.6794
NCH30,OUT013,1738.006
FDS60,OUT010,452.63968
FDG08,OUT046,2712.9182
FDX38,OUT017,815.0985
FDD22,OUT017,1838.6229
FDW51,OUT013,3539.359
FDL09,OUT017,2731.9983
FDZ60,OUT045,1640.5743
NCH07,OUT046,2479.3782
NCQ41,OUT049,3149.8386
FDW04,OUT049,2136.5098
FDI08,OUT027,5974.6665
FDR19,OUT019,395.3528
FDV13,OUT046,1426.2697
FDB52,OUT017,4035.109
FDZ48,OUT027,2828.1118
NCO14,OUT049,830.4803
FDZ50,OUT013,3063.2573
FDN27,OUT019,388.07068
FDQ60,OUT013,2110.498
FDR49,OUT017,886.6863
DRJ35,OUT027,1610.3202
DRI49,OUT017,1441.7585
FDB47,OUT017,3535.3118
FDP37,OUT010,314.9316
FDR26,OUT049,2768.5671
FDY31,OUT019,384.90884
FDC11,OUT045,1358.0929
DRP47,OUT035,4184.1123
NCY54,OUT018,2523.1
FDR27,OUT046,2174.0662
FDQ21,OUT019,355.51538
NCQ29,OUT035,4170.564
FDJ02,OUT046,2474.5503
FDE21,OUT018,1577.6366
FDM39,OUT046,2728.7512
FDZ01,OUT017,1959.9664
NCB19,OUT018,1178.5865
FDU03,OUT046,3037.3413
FDP27,OUT049,3094.1338
DRF01,OUT045,2322.4294
FDM03,OUT049,1746.6744
FDV01,OUT046,2450.3083
FDS16,OUT046,2337.7563
FDO45,OUT035,1453.4303
NCX06,OUT035,2965.6245
FDP13,OUT046,736.3552
NCR38,OUT018,3437.529
FDA01,OUT013,830.63007
FDT26,OUT017,1805.6737
FDD44,OUT027,5800.0034
FDB26,OUT013,833.4258
FDP45,OUT019,744.641
NCP55,OUT046,849.19604
FDT23,OUT017,1322.8407
FDO51,OUT045,678.7861
FDA44,OUT046,819.61566
NCJ31,OUT018,3486.2393
FDX37,OUT045,1567.2535
NCD18,OUT049,3829.252
FDN40,OUT027,3863.9102
FDL33,OUT017,3136.7976
DRF48,OUT035,3091.6648
FDW08,OUT035,1725.7317
FDX39,OUT018,3194.849
FDB38,OUT049,2739.6494
FDY46,OUT018,2710.2334
NCB06,OUT049,2554.8499
FDA34,OUT035,2966.2893
FDA35,OUT045,2050.5103
FDQ07,OUT035,3408.5366
FDU32,OUT045,2069.4438
FDU26,OUT013,2000.8009
FDU13,OUT010,402.45615
FDO09,OUT035,4266.9375
FDW03,OUT019,277.07083
FDB38,OUT013,2570.926
FDL26,OUT010,421.0525
NCN43,OUT045,2051.2195
FDH08,OUT045,3956.025
NCC31,OUT019,317.7738
FDH14,OUT035,2126.98
FDL40,OUT017,1637.1069
FDD20,OUT035,2178.9724
NCV53,OUT035,4136.8896
FDD16,OUT045,1070.1987
FDP24,OUT035,2078.1333
FDQ25,OUT045,2819.3318
FDM38,OUT035,881.26697
NCT18,OUT010,460.5618
FDM34,OUT049,2156.663
DRH37,OUT010,383.3159
NCE07,OUT013,2357.3894
FDG12,OUT013,1756.3043
FDB59,OUT010,525.3752
FDS10,OUT018,2465.9285
FDN21,OUT010,378.86057
FDM02,OUT045,1353.0183
FDO44,OUT049,1767.6674
NCN17,OUT017,1729.6445
FDH16,OUT018,1262.1249
FDL44,OUT046,2440.6682
FDY47,OUT017,2145.5112
DRI39,OUT046,744.05396
NCX54,OUT018,1470.2227
FDE59,OUT046,603.94574
FDO46,OUT045,3084.49
DRE13,OUT046,1358.4283
FDW14,OUT013,1339.0306
FDF35,OUT046,1660.9265
FDO50,OUT019,236.19948
DRF49,OUT017,1828.3923
FDT60,OUT049,2130.754
FDP38,OUT045,789.1312
FDA31,OUT027,4657.506
FDY52,OUT010,110.08863
FDD03,OUT027,5783.305
FDN52,OUT018,1216.9623
FDU20,OUT010,459.614
FDD22,OUT035,1814.0088
NCB55,OUT019,103.98882
FDN27,OUT045,1726.9744
FDD16,OUT013,1297.881
FDW48,OUT046,1092.7195
DRN35,OUT045,567.8486
FDX25,OUT049,3063.5833
DRD49,OUT049,3770.1775
FDE21,OUT019,362.8456
FDN44,OUT035,2644.5413
DRC01,OUT049,873.945
NCK30,OUT046,3699.4
FDU39,OUT013,929.04504
FDB49,OUT013,1598.3829
FDS12,OUT045,2037.9008
FDR57,OUT018,2329.716
FDX22,OUT027,5558.126
FDC60,OUT013,1400.5793
NCE42,OUT049,3899.8247
NCK42,OUT049,3368.206
DRE01,OUT017,3719.8906
FDE57,OUT018,1888.8939
DRK59,OUT019,723.6659
FDB10,OUT027,5818.7295
FDQ25,OUT046,2846.1611
FDY26,OUT017,3633.312
FDG28,OUT049,3946.2869
FDM14,OUT049,1739.16
NCH29,OUT049,1646.6042
FDD48,OUT049,1829.3816
FDC17,OUT045,3273.3318
DRH49,OUT027,2345.1106
FDN44,OUT018,2312.9644
FDC29,OUT045,1753.7118
DRK01,OUT019,268.2967
FDD48,OUT017,1838.3828
FDB59,OUT013,3052.06
FDY45,OUT010,776.5248
FDX60,OUT035,1263.8484
FDT09,OUT010,385.91718
DRB24,OUT018,2115.0598
FDL13,OUT035,3983.7173
FDN16,OUT035,1723.226
FDK57,OUT013,2069.6482
FDO22,OUT027,2317.5735
FDC57,OUT010,467.5751
FDZ13,OUT027,1381.7698
FDW27,OUT013,2431.5046
FDX10,OUT049,776.88983
FDY08,OUT018,1814.8798
FDA49,OUT017,1539.225
FDC32,OUT018,1392.578
FDO04,OUT035,898.88995
NCZ54,OUT013,2473.4648
FDY40,OUT045,830.06805
FDW36,OUT045,1606.7578
FDE11,OUT017,3164.305
DRE37,OUT045,2989.884
NCK19,OUT017,3118.333
FDT19,OUT035,2829.9731
FDE56,OUT045,1019.0769
FDZ57,OUT010,341.9996
FDB35,OUT035,1596.0474
FDF09,OUT010,-13.947639
FDO34,OUT046,2628.5488
FDA55,OUT046,3580.6821
NCM18,OUT035,1007.69183
FDJ20,OUT019,329.70346
DRQ35,OUT019,288.97205
FDG02,OUT013,2937.6357
NCU29,OUT018,2115.0598
FDL27,OUT027,1805.0562
NCA54,OUT035,2939.8245
FDJ32,OUT035,1034.3358
FDB21,OUT019,578.45795
FDR46,OUT035,2480.602
FDZ32,OUT046,1614.4772
DRF36,OUT017,3173.427
NCU54,OUT017,3312.339
NCI31,OUT017,621.585
DRA59,OUT035,3124.8496
NCC55,OUT045,593.08484
FDE44,OUT018,624.0391
NCN26,OUT018,1575.806
FDC11,OUT049,1401.9447
FDV24,OUT035,2294.814
FDR40,OUT019,116.37199
NCQ17,OUT049,2543.9946
FDC46,OUT045,3031.645
NCM18,OUT046,988.7717
FDK16,OUT046,1485.4242
FDI28,OUT017,1419.3503
FDS11,OUT018,3640.4412
DRD13,OUT046,1001.03204
FDL36,OUT035,1387.9751
FDI27,OUT013,763.2805
FDJ53,OUT019,343.66318
FDS44,OUT045,4376.7046
FDE28,OUT046,4211.056
FDQ33,OUT018,2064.3958
FDB37,OUT017,4163.7656
FDQ31,OUT045,1327.6383
NCQ05,OUT046,2357.26
FDE10,OUT013,2085.627
FDF38,OUT017,745.8247
FDE50,OUT019,501.5771
DRG37,OUT010,445.67487
NCH06,OUT049,4153.8296
FDY14,OUT045,4805.2925
FDO27,OUT017,1684.8038
FDQ19,OUT049,4187.219
FDZ26,OUT019,676.12244
FDN51,OUT013,4166.3853
FDK20,OUT035,2273.619
FDD40,OUT018,2836.4275
DRI25,OUT018,690.9424
FDH56,OUT017,1834.8552
FDI36,OUT027,5423.021
DRH11,OUT018,672.9861
NCV18,OUT017,1441.7167
DRI01,OUT049,2886.141
DRE48,OUT049,3149.8386
FDS51,OUT035,1076.35
FDM38,OUT017,846.9927
FDB60,OUT027,5473.8804
FDY58,OUT035,4161.648
FDY22,OUT045,2291.508
FDF11,OUT027,6768.3545
FDZ51,OUT035,1562.0262
FDQ45,OUT017,3218.8633
FDF17,OUT035,2986.817
NCF31,OUT027,3862.2202
FDA37,OUT013,2069.6772
FDO51,OUT046,744.43097
FDF34,OUT013,3096.0742
FDD57,OUT018,1383.7473
FDO37,OUT046,3993.5774
FDR49,OUT049,847.6423
FDS39,OUT049,2187.7742
FDI48,OUT027,1335.4742
DRM35,OUT049,2678.0383
FDV57,OUT035,3088.0928
FDZ55,OUT013,2546.597
FDI28,OUT035,1320.1102
FDS21,OUT045,1025.3582
FDT34,OUT013,1647.8501
DRI25,OUT035,913.3641
FDT47,OUT010,260.13773
DRH39,OUT045,1005.50867
NCD54,OUT045,2354.587
FDU16,OUT027,2338.7402
NCW29,OUT045,2087.193
FDV25,OUT027,5386.685
FDM56,OUT035,1727.9095
FDZ04,OUT027,2018.8842
FDG59,OUT019,-30.181244
FDI56,OUT045,1254.9364
FDS33,OUT035,1490.7405
FDC23,OUT049,2886.141
FDT11,OUT049,3161.446
FDG17,OUT045,4623.256
FDZ44,OUT045,1667.9161
FDJ52,OUT013,2551.7412
DRI23,OUT046,2299.984
DRE15,OUT010,175.16783
NCF07,OUT013,1647.809
NCR29,OUT049,909.4026
FDE44,OUT019,116.166176
FDT23,OUT035,1384.845
NCG06,OUT017,3788.131
NCU41,OUT010,418.33673
FDH46,OUT017,1749.3138
FDV31,OUT013,2774.3875
NCT41,OUT027,3980.9219
FDE22,OUT027,3989.891
FDC26,OUT045,1680.9391
DRF51,OUT017,654.5476
NCY53,OUT019,376.27985
FDY21,OUT017,3120.9736
FDL27,OUT013,1041.8611
FDZ34,OUT049,3102.9783
NCF43,OUT010,342.4875
FDC21,OUT035,1649.077
FDL26,OUT013,2512.4583
FDT25,OUT010,313.52887
NCR30,OUT046,1008.9336
DRL23,OUT019,289.95374
NCR05,OUT049,3083.8225
NCE19,OUT018,606.4185
FDY07,OUT035,712.776
FDB10,OUT017,3878.7498
FDP57,OUT013,1646.2332
FDU48,OUT019,495.84195
FDH48,OUT035,1387.9751
FDO33,OUT035,1878.654
NCU29,OUT045,2361.562
FDW35,OUT046,645.6898
FDH05,OUT010,604.7039
FDP26,OUT049,1722.2603
DRG27,OUT035,715.52936
FDQ33,OUT046,2322.3452
FDH20,OUT010,183.89209
FDV14,OUT046,1331.7333
DRD01,OUT046,830.2317
NCI17,OUT049,1608.9685
FDF39,OUT010,911.41693
FDX37,OUT046,1711.5006
NCX17,OUT035,3951.0117
FDN03,OUT013,4175.8374
NCS41,OUT010,452.08902
FDH34,OUT045,3088.6353
NCX53,OUT018,1817.3225
FDY31,OUT046,2342.859
FDD20,OUT017,2179.0264
FDE51,OUT045,801.6245
FDV27,OUT046,1400.1412
FDF16,OUT035,2384.0972
FDZ02,OUT049,1605.8082
NCK05,OUT045,1011.0216
FDM12,OUT027,5367.863
NCA05,OUT018,2115.0598
FDX33,OUT045,2519.565
FDM25,OUT049,3053.4395
FDE41,OUT018,1202.3016
FDW14,OUT045,1293.6512
NCD30,OUT046,1540.7198
FDB23,OUT010,664.0663
FDF45,OUT046,987.2217
FDW20,OUT017,2179.0264
FDF47,OUT045,3474.2996
NCR05,OUT019,536.51215
DRB01,OUT046,2978.645
FDE36,OUT013,2537.4407
FDU56,OUT049,3103.469
FDB23,OUT049,4422.3213
FDN48,OUT049,1385.8091
FDS43,OUT013,3029.795
NCN05,OUT013,3076.8508
NCL53,OUT049,2939.488
FDL56,OUT046,1362.1146
FDH17,OUT018,1409.5371
FDP37,OUT046,2050.8882
FDG09,OUT019,411.56494
FDA55,OUT045,3446.946
FDX31,OUT049,4187.219
FDJ41,OUT045,3994.469
DRC24,OUT045,2459.8462
FDQ21,OUT035,2258.3586
NCT54,OUT045,1540.3844
FDH08,OUT049,4052.858
FDY38,OUT018,3568.2554
DRM11,OUT010,713.4926
FDG32,OUT049,3489.3684
NCH18,OUT046,3568.1196
FDI20,OUT035,3524.8545
FDA33,OUT018,2115.0598
FDN45,OUT013,3485.8838
FDT45,OUT010,173.21095
FDR32,OUT035,3939.3481
FDA48,OUT017,3566.148
FDN23,OUT017,2435.8916
NCR18,OUT035,734.6323
FDD45,OUT046,1551.3811
FDI22,OUT018,3281.4512
FDT09,OUT013,2229.4458
DRC24,OUT027,3935.2114
FDT39,OUT046,2325.8186
FDX28,OUT045,1554.8536
FDA50,OUT018,1334.7732
FDT33,OUT027,4293.1655
FDQ60,OUT049,2134.951
NCM19,OUT018,1540.3304
FDF40,OUT046,4416.601
NCI30,OUT035,3689.265
FDK34,OUT049,3858.8477
FDA38,OUT027,6078.653
FDT02,OUT045,600.60974
FDC11,OUT017,1448.6917
FDD08,OUT046,555.29254
NCS29,OUT046,3959.784
DRI03,OUT010,474.4449
FDK48,OUT035,1114.7416
FDM52,OUT049,2462.143
FDP49,OUT035,891.23517
DRA24,OUT046,2508.1353
NCJ43,OUT049,2886.141
FDE11,OUT045,3068.0432
FDP01,OUT049,2417.0225
FDQ59,OUT018,1157.1649
FDA43,OUT019,468.44382
FDL14,OUT017,2664.3945
FDV50,OUT010,363.35684
FDT01,OUT027,5482.258
NCC42,OUT035,2130.7627
FDO28,OUT046,1702.1318
FDD32,OUT019,166.71094
FDV45,OUT035,3165.9067
NCW17,OUT019,355.51538
NCJ17,OUT027,2364.0505
NCF18,OUT049,3069.402
FDP01,OUT045,2316.4414
FDH24,OUT045,2526.8528
FDI38,OUT027,5633.1123
FDX03,OUT035,726.1904
FDY28,OUT046,3379.7307
FDN34,OUT018,2523.69
FDJ02,OUT045,2380.7468
FDW40,OUT019,347.65396
FDX03,OUT017,733.16766
FDE17,OUT027,3880.8027
FDT58,OUT046,2572.9968
FDI38,OUT013,3512.3967
FDW22,OUT035,3680.442
FDS15,OUT027,2613.7917
NCX06,OUT013,2868.644
DRK47,OUT035,3883.4075
FDC23,OUT027,4687.4346
FDM56,OUT010,313.99124
FDP21,OUT046,3045.8044
FDP58,OUT046,3368.1233
FDA27,OUT019,821.6453
FDK41,OUT019,155.21333
NCH42,OUT046,4162.3223
FDG29,OUT045,597.6136
FDW15,OUT018,2095.0615
FDD28,OUT018,651.4824
FDQ37,OUT049,3145.9614
FDC23,OUT035,3913.05
FDV13,OUT035,1456.8358
FDK33,OUT046,3246.1814
FDO33,OUT013,1736.7472
FDN21,OUT017,2602.8792
NCW06,OUT027,5414.194
FDI38,OUT035,3587.3735
FDC21,OUT027,2502.6157
NCS05,OUT046,2103.1318
NCN53,OUT049,694.41846
FDV40,OUT010,173.30852
FDG60,OUT017,3857.3657
NCY30,OUT027,5449.8423
FDM40,OUT045,2021.281
NCO30,OUT046,2854.5964
FDK10,OUT046,2909.1313
FDM36,OUT045,2760.3198
FDN10,OUT013,1693.2084
FDM46,OUT018,1246.4794
FDX50,OUT049,1738.09
FDP33,OUT045,3641.087
FDO12,OUT045,2909.003
FDC28,OUT013,1646.2332
FDO31,OUT045,1327.6835
FDX45,OUT035,2536.2957
FDV21,OUT049,2092.938
FDH04,OUT049,1422.4877
NCG54,OUT013,2605.1865
FDO13,OUT046,2541.3738
FDA09,OUT027,4822.027
FDC38,OUT017,2357.538
NCO42,OUT046,2350.285
FDL45,OUT049,2138.742
NCK31,OUT013,797.4589
FDM39,OUT017,2841.4734
FDC22,OUT010,325.99658
FDF46,OUT046,1651.3971
FDQ37,OUT045,3059.9673
FDH41,OUT010,505.5584
FDQ04,OUT046,601.49426
NCQ02,OUT027,5470.7617
FDJ57,OUT027,5503.63
NCE07,OUT049,2164.4055
FDE56,OUT013,1038.4755
FDI20,OUT049,3517.0122
FDK36,OUT018,480.41058
FDP08,OUT027,5423.1
FDF44,OUT017,2172.1277
NCU53,OUT017,2641.1555
FDF47,OUT035,4860.8257
FDS55,OUT010,396.6674
FDZ52,OUT010,260.7828
FDL04,OUT018,1511.0142
NCM26,OUT035,2471.0906
FDX43,OUT049,2704.919
FDP52,OUT049,3837.7087
DRK49,OUT045,690.4204
FDE38,OUT013,2600.5833
DRF13,OUT035,2471.0906
FDK41,OUT010,161.20195
FDJ04,OUT027,3038.9526
FDZ44,OUT018,1508.5927
FDS11,OUT013,3744.143
FDA55,OUT049,3982.98
NCW53,OUT046,3034.197
FDB49,OUT027,2657.7046
FDD23,OUT017,3119.0183
NCV42,OUT045,1638.0729
NCZ29,OUT018,1817.6752
FDQ26,OUT013,860.94507
FDV08,OUT017,683.1758
FDC53,OUT049,1623.2354
FDV58,OUT010,463.75287
NCP02,OUT019,96.26116
DRI37,OUT045,849.4102
FDQ12,OUT049,3958.8953
FDE33,OUT046,1212.6777
FDX27,OUT045,1557.2574
FDM22,OUT017,828.2067
NCH30,OUT019,369.3048
FDC04,OUT017,3713.4326
FDO38,OUT046,1400.4368
FDV52,OUT027,2867.6843
FDB32,OUT013,1552.7828
FDV43,OUT018,601.4589
FDI24,OUT018,2429.1326
FDR40,OUT017,1461.8354
FDW02,OUT049,2188.1726
FDE44,OUT049,801.5386
FDL38,OUT046,1448.7518
NCT54,OUT010,220.79991
DRJ39,OUT010,535.0616
FDW55,OUT049,4306.8794
DRF13,OUT019,370.89755
NCW17,OUT049,2187.7742
FDP13,OUT035,729.8374
FDS08,OUT018,2506.9382
NCP17,OUT035,1070.0492
NCO53,OUT035,3126.5002
FDH19,OUT045,2678.1453
FDJ04,OUT017,2021.4987
FDG10,OUT049,961.492
FDA40,OUT010,127.17921
FDI53,OUT045,2519.565
FDU09,OUT010,132.39168
FDK60,OUT045,1483.0304
FDR43,OUT017,651.1124
FDW22,OUT017,3544.3018
DRP47,OUT010,628.3382
DRG48,OUT010,442.90247
FDA14,OUT035,2406.8289
FDU49,OUT013,1338.3179
FDK28,OUT045,3699.5112
FDT19,OUT046,2762.3801
NCQ42,OUT045,2023.3698
FDD03,OUT045,3731.5693
NCM53,OUT013,1646.2332
NCX53,OUT045,2063.8245
FDV14,OUT027,2328.5247
NCZ54,OUT017,2571.4631
FDB39,OUT013,821.84174
DRC24,OUT046,2357.26
FDY36,OUT013,1012.8368
FDN01,OUT035,2937.5237
DRH25,OUT046,807.6361
FDV08,OUT046,626.96765
NCP53,OUT049,4040.725
FDU52,OUT010,378.86057
NCI42,OUT045,3128.1675
FDZ14,OUT035,2106.6208
FDF11,OUT046,4035.7378
FDQ13,OUT018,1216.5765
FDO32,OUT010,122.15479
DRJ37,OUT018,2068.1995
FDY43,OUT046,2606.9543
NCT41,OUT017,2405.1284
NCV17,OUT045,2063.8245
FDM04,OUT027,1239.3346
DRB48,OUT018,495.9423
FDM24,OUT013,2367.0618
FDT37,OUT049,4121.286
NCO05,OUT010,188.52316
FDL13,OUT046,3897.6113
FDL15,OUT017,2439.5388
FDB11,OUT018,3251.3743
FDL14,OUT019,340.6267
FDY10,OUT019,337.17798
FDJ40,OUT049,1732.2506
NCW18,OUT046,3587.2754
NCY06,OUT013,2062.673
DRE13,OUT018,1199.6252
FDA26,OUT045,3352.4348
NCE19,OUT010,155.06526
FDE33,OUT035,1360.5447
DRL59,OUT027,1206.6465
FDY07,OUT046,740.14355
FDF57,OUT018,2518.5457
FDM58,OUT035,1797.4679
FDP26,OUT027,2542.4739
FDY32,OUT046,2490.7827
FDD51,OUT010,111.67778
FDU22,OUT018,1659.0106
FDZ49,OUT018,3276.329
NCI42,OUT017,3237.75
FDT04,OUT027,1092.1184
NCU41,OUT045,2997.8284
FDS56,OUT045,4264.835
NCN42,OUT017,2440.8008
FDK34,OUT046,3743.206
FDB03,OUT017,3927.6382
DRJ25,OUT035,858.22534
FDT25,OUT027,3186.7874
FDN20,OUT013,2653.8777
FDP09,OUT013,3434.696
FDM20,OUT019,579.6211
NCG55,OUT046,1714.641
NCP14,OUT045,1646.9036
NCH06,OUT046,3587.2754
FDV52,OUT013,1738.6322
NCL07,OUT035,732.04803
DRJ11,OUT027,4796.719
DRO59,OUT013,962.2429
FDW15,OUT010,430.29697
NCQ30,OUT035,2177.1416
NCN54,OUT019,213.69179
FDY01,OUT027,2867.5078
FDX39,OUT035,3475.515
FDH53,OUT027,2363.7258
FDA57,OUT035,773.6737
NCC07,OUT010,272.25748
FDU28,OUT013,2956.8242
FDK36,OUT010,87.46081
FDR36,OUT018,505.77652
NCQ17,OUT035,2415.251
FDS28,OUT019,130.18387
FDE08,OUT045,2290.4016
FDU22,OUT046,1868.0957
FDG41,OUT045,1650.8252
FDO31,OUT010,153.54385
FDM21,OUT019,765.521
FDU40,OUT017,3226.774
FDV36,OUT018,1835.4823
FDT10,OUT027,1564.7942
FDX38,OUT045,743.88196
NCU30,OUT027,3860.9143
NCV06,OUT049,3101.1274
FDT16,OUT035,4575.173
NCP41,OUT027,2787.236
FDZ56,OUT017,2751.876
FDC22,OUT035,3173.057
FDU10,OUT035,752.6829
FDS46,OUT045,1678.6445
FDO08,OUT049,2673.879
NCV42,OUT018,1495.2085
FDP33,OUT035,4185.4707
FDJ12,OUT046,3118.3264
FDH04,OUT045,1366.8066
NCU54,OUT013,3277.9902
FDO36,OUT010,423.7752
FDT37,OUT027,6044.3145
FDD14,OUT010,441.9462
FDA16,OUT013,3518.0833
NCS42,OUT019,261.32166
FDP10,OUT019,283.17465
FDQ28,OUT049,2426.8901
FDK57,OUT010,362.1248
FDK02,OUT013,1734.6024
FDW47,OUT018,1798.5193
NCC42,OUT018,1790.4242
FDQ37,OUT018,2772.3723
FDL40,OUT046,1524.3259
DRE13,OUT010,134.3186
FDQ34,OUT027,2524.3909
NCB54,OUT046,2040.2601
FDS48,OUT049,2307.3015
FDO15,OUT045,1050.1162
NCT30,OUT013,743.2649
FDU49,OUT027,2390.7861
FDE21,OUT046,1752.8988
FDS49,OUT019,211.05904
FDT38,OUT027,2328.5247
FDZ01,OUT045,1676.3187
FDC41,OUT035,1097.0171
DRG13,OUT010,369.6796
NCZ42,OUT018,3516.4255
NCM07,OUT045,1332.3384
NCV17,OUT018,1896.4241
DRK39,OUT035,1434.1277
FDS37,OUT018,1590.3585
FDV12,OUT019,294.48532
NCG19,OUT018,3316.5137
FDS51,OUT013,1020.3021
NCO14,OUT046,639.2647
FDC38,OUT046,2139.9773
FDN15,OUT046,2079.7632
NCH42,OUT013,3992.8909
FDQ22,OUT046,609.77594
FDC05,OUT013,3054.8367
FDZ31,OUT013,3049.6924
DRJ23,OUT049,3078.903
FDC52,OUT035,2605.2695
DRD12,OUT010,168.13504
FDV55,OUT017,2399.9841
FDD32,OUT046,1319.9258
FDR01,OUT049,2869.8677
FDY08,OUT019,342.50955
FDQ45,OUT045,3460.8171
DRN11,OUT027,3299.2607
NCS05,OUT018,1840.6914
FDY32,OUT035,2579.8108
NCD31,OUT045,2333.924
NCE06,OUT049,2575.487
NCP14,OUT046,1662.8423
NCF18,OUT019,487.5427
FDF14,OUT018,2122.6372
FDB22,OUT017,2481.3179
NCH54,OUT049,2579.2908
FDU27,OUT035,879.39795
FDS58,OUT027,4001.4985
NCU29,OUT035,2471.0906
FDJ57,OUT013,3358.355
FDL56,OUT049,1396.8003
FDH60,OUT035,3115.5745
FDN24,OUT018,664.27844
FDD02,OUT017,2342.4446
FDP15,OUT017,4624.577
FDB28,OUT027,5357.605
DRC49,OUT045,2314.7017
NCG30,OUT018,1825.3608
FDJ14,OUT049,1219.7682
FDL52,OUT045,569.65594
NCG19,OUT027,5673.1836
NCN41,OUT035,2118.1577
FDW22,OUT013,3529.6907
FDI02,OUT013,1778.8264
FDV51,OUT045,2540.157
FDV48,OUT046,1232.4037
NCL17,OUT019,351.8708
FDP46,OUT045,1339.153
FDU10,OUT045,584.13007
FDT37,OUT010,775.5072
FDI27,OUT035,801.7291
FDN51,OUT046,3953.605
FDW07,OUT035,1411.3541
FDN45,OUT049,3510.3367
DRN37,OUT027,4327.269
DRF48,OUT049,3083.8225
FDP38,OUT019,134.32494
NCX18,OUT027,5525.92
FDK45,OUT018,1561.5112
FDZ37,OUT049,1468.477
FDS50,OUT018,3196.7944
NCR54,OUT018,2688.838
NCS17,OUT035,1611.9811
FDV31,OUT046,2759.1328
DRE27,OUT017,1636.2489
FDN60,OUT013,2555.563
FDK26,OUT013,3094.6135
FDX37,OUT018,1506.979
FDW31,OUT046,2940.5447
FDX26,OUT018,2861.3245
DRL49,OUT019,351.8708
FDU49,OUT017,1553.5613
FDY58,OUT046,3869.701
FDN03,OUT045,4354.8374
NCV06,OUT010,455.7133
FDH53,OUT045,1357.7686
FDG31,OUT018,900.42084
NCC06,OUT045,2067.613
FDS13,OUT049,3839.195
FDP16,OUT035,3881.848
FDA35,OUT013,2076.6814
DRP47,OUT018,3543.1675
FDY28,OUT010,949.366
FDY20,OUT035,1342.0724
NCH30,OUT017,1741.8254
NCR29,OUT019,167.22234
NCP05,OUT013,2364.3645
NCF30,OUT019,316.26572
FDA08,OUT035,2846.4685
FDN51,OUT027,6720.7476
FDH12,OUT046,1617.4113
FDY39,OUT017,3178.2195
NCO53,OUT045,3049.5027
FDB40,OUT046,2365.351
FDH02,OUT049,1468.477
FDY11,OUT027,1822.5333
FDQ09,OUT019,376.27985
FDP16,OUT013,3491.5552
NCF55,OUT018,443.9972
FDY09,OUT027,4733.1973
FDY39,OUT045,3068.637
NCU53,OUT049,2455.287
NCT41,OUT049,2396.127
FDJ45,OUT046,1144.5332
FDR28,OUT013,2563.3486
FDN08,OUT013,1695.9235
FDJ07,OUT049,1819.3169
FDZ09,OUT027,3914.2
FDQ14,OUT017,2422.575
FDY12,OUT027,1315.4242
FDK57,OUT046,2059.4158
FDD20,OUT049,2146.6562
FDS36,OUT018,1503.3865
FDI40,OUT049,1716.1102
FDJ40,OUT045,1631.6693
FDE08,OUT013,2316.5728
DRK01,OUT013,1552.0973
FDC58,OUT049,713.9583
FDE50,OUT046,3108.1382
FDX48,OUT035,2423.725
DRM35,OUT018,2376.8083
FDG41,OUT013,1676.9963
FDB52,OUT046,4027.1973
FDV19,OUT045,2460.8174
DRG48,OUT017,2447.776
FDI26,OUT013,2995.6877
FDU11,OUT019,280.71188
FDF59,OUT019,339.0647
FDR07,OUT049,1550.2617
NCE06,OUT017,2587.6704
FDE10,OUT046,2075.3945
NCO55,OUT046,1646.9229
FDZ13,OUT013,867.06177
FDT50,OUT017,1618.7744
FDH12,OUT010,282.792
FDD21,OUT045,1748.5674
NCM05,OUT013,3965.5662
FDK04,OUT013,844.9543
FDN33,OUT017,1620.4836
NCM18,OUT010,175.16418
DRC25,OUT049,1418.0851
FDT47,OUT017,1645.1648
FDD45,OUT027,2477.8167
NCD07,OUT018,1533.3555
NCY54,OUT010,418.0501
FDL12,OUT049,1041.4255
FDL02,OUT017,1971.764
FDC60,OUT035,1431.0801
FDR37,OUT017,3136.6584
FDY16,OUT017,3595.1904
FDU26,OUT045,1929.3715
FDN24,OUT013,813.9445
FDH44,OUT013,2394.1963
FDE23,OUT010,106.31098
FDW60,OUT017,2930.375
FDQ55,OUT049,1858.1868
FDV32,OUT027,1880.0458
FDV03,OUT010,410.79202
FDY14,OUT010,640.9222
NCL55,OUT027,5965.1895
DRF25,OUT017,651.89276
FDX03,OUT046,677.5094
FDF40,OUT045,4005.2952
FDX24,OUT010,153.74663
FDA25,OUT049,1768.3063
FDH21,OUT018,2296.8396
FDB47,OUT010,563.92694
FDT34,OUT019,283.17465
FDS39,OUT010,422.6189
NCU05,OUT046,1209.3158
FDE02,OUT049,1506.33
FDL25,OUT035,1364.0731
FDC50,OUT049,1608.111
FDZ32,OUT049,1715.6648
FDV14,OUT045,1322.5671
FDR07,OUT045,1527.5543
FDB26,OUT049,918.2344
NCR50,OUT045,2331.2183
FDP01,OUT018,2069.9392
FDH57,OUT045,2135.3958
FDM60,OUT027,1095.8638
FDA45,OUT017,2886.3608
FDU55,OUT017,4563.711
FDH40,OUT035,1409.7856
FDG40,OUT019,-26.400478
FDT12,OUT049,3569.851
DRL59,OUT045,735.59955
FDT47,OUT018,1414.7659
FDI60,OUT017,1098.5413
DRF51,OUT027,1068.4194
NCK31,OUT049,871.8691
FDB08,OUT045,2535.0127
FDM44,OUT035,1732.9968
FDD46,OUT018,2073.9695
FDR27,OUT019,374.1056
FDV56,OUT010,316.76755
FDM02,OUT049,1462.6471
FDU45,OUT018,1508.5856
FDZ10,OUT017,2133.9038
NCK31,OUT010,107.26443
FDR27,OUT035,2178.5552
FDF33,OUT013,1942.5375
FDJ36,OUT046,1696.0061
FDP33,OUT049,4087.5798
FDG17,OUT046,4371.1675
FDG47,OUT027,6473.794
NCW29,OUT046,2090.5269
DRH59,OUT017,1052.0828
FDR32,OUT017,3887.1543
FDP48,OUT035,3121.2095
FDG17,OUT035,4545.845
DRJ59,OUT017,705.06226
FDY48,OUT027,2552.5383
FDB02,OUT046,2846.1611
FDN10,OUT019,329.00238
NCD55,OUT035,725.073
FDX34,OUT013,2069.6482
FDZ38,OUT045,2816.3108
DRF37,OUT049,3576.172
DRL47,OUT019,280.9798
FDL27,OUT035,1117.4373
NCP53,OUT035,4136.8896
FDT03,OUT019,475.97125
FDJ28,OUT035,3173.373
FDF40,OUT018,4155.8174
FDA32,OUT035,3527.496
NCP02,OUT017,887.7213
FDZ31,OUT045,3038.1082
NCQ29,OUT013,4023.6309
FDP57,OUT010,243.74706
FDL32,OUT027,2867.6843
DRB01,OUT035,3150.0044
FDJ40,OUT046,1647.608
FDO24,OUT018,2256.781
FDO11,OUT018,3452.892
FDA56,OUT035,2155.6038
FDF02,OUT045,1680.9391
FDA10,OUT013,2075.4182
NCI55,OUT017,2153.827
FDZ40,OUT010,63.116814
FDV08,OUT049,725.7379
FDN48,OUT013,1349.5266
FDU57,OUT017,2427.658
DRF49,OUT013,1744.981
FDS02,OUT035,3097.1057
FDS43,OUT046,3004.3125
FDT16,OUT013,4057.7996
FDX19,OUT027,5923.7
FDK15,OUT046,1612.9639
DRA12,OUT049,2163.034
FDY35,OUT017,815.0217
NCU42,OUT013,2652.0469
FDD26,OUT013,3072.544
FDR11,OUT018,2288.6257
NCP53,OUT045,3943.892
FDP34,OUT045,2507.9575
NCV41,OUT019,304.31625
FDN20,OUT018,2420.245
FDZ16,OUT018,3173.2222
FDZ28,OUT049,2136.5098
NCL55,OUT013,3964.5808
NCJ17,OUT046,1367.259
FDT37,OUT046,3893.6775
FDV51,OUT049,2733.432
FDZ28,OUT035,2108.33
FDN27,OUT013,1753.1455
FDS14,OUT019,315.40247
FDZ58,OUT045,2024.3215
FDD46,OUT046,2415.6162
FDJ03,OUT035,820.88477
FDU03,OUT010,475.1383
FDA33,OUT027,3935.2114
NCW53,OUT035,3173.373
NCC55,OUT017,639.0511
FDP52,OUT019,624.8833
FDE39,OUT049,2268.0486
FDB44,OUT035,3576.9739
FDG59,OUT013,619.45844
FDI05,OUT013,1053.5874
FDF59,OUT045,2043.4774
FDM39,OUT019,412.23267
FDB14,OUT013,1335.0017
NCS05,OUT019,421.66833
DRJ35,OUT045,913.7388
FDO31,OUT019,147.55524
FDA31,OUT046,2759.6636
FDX40,OUT049,675.2816
FDW56,OUT045,3011.8398
FDH09,OUT018,704.5889
FDA52,OUT019,430.64368
FDF20,OUT019,434.62732
FDE40,OUT046,990.4493
NCU17,OUT046,1634.9178
NCP14,OUT035,1732.7919
FDN25,OUT027,1733.8162
FDU39,OUT049,1003.4552
NCM05,OUT017,3535.468
FDU07,OUT017,2419.14
FDF28,OUT049,2150.3494
FDR57,OUT049,2637.7585
FDJ33,OUT013,2029.27
DRH23,OUT035,894.8729
FDQ52,OUT046,3998.321
DRK13,OUT035,3117.5334
FDP09,OUT046,3393.4644
FDR08,OUT027,2801.9348
FDV50,OUT045,2056.4287
FDT13,OUT049,3147.2554
FDJ27,OUT027,2628.4526
FDH21,OUT046,3061.856
FDW14,OUT027,2325.5894
FDL52,OUT049,699.92847
FDW28,OUT017,3118.333
FDL40,OUT049,1537.8672
FDE24,OUT046,1975.3651
FDX35,OUT049,3829.2712
FDP46,OUT017,1438.461
FDX56,OUT045,3125.6313
FDQ45,OUT049,3170.4841
FDK50,OUT027,3997.4685
FDY26,OUT045,3523.7295
FDQ09,OUT017,1809.2365
FDN39,OUT049,2618.9731
FDP13,OUT017,750.22516
FDR51,OUT013,2503.8147
FDZ49,OUT010,588.5071
FDL28,OUT018,3533.472
FDZ10,OUT035,2192.3997
FDK38,OUT013,2329.2944
DRL49,OUT027,3259.2883
FDR15,OUT013,2399.3406
FDQ24,OUT035,4021.6838
FDD56,OUT013,2785.9949
NCR42,OUT046,602.251
FDH52,OUT045,1000.37225
FDH57,OUT019,332.06558
FDR15,OUT010,367.45966
FDJ34,OUT035,2164.101
FDW37,OUT035,1542.4408
FDQ23,OUT018,1485.7484
FDP34,OUT013,2510.651
FDE04,OUT027,5427.6597
FDC48,OUT045,1384.0616
FDA47,OUT019,388.7165
FDI35,OUT018,2555.7163
NCV05,OUT013,2551.7412
FDR28,OUT045,2551.7644
FDH31,OUT017,1787.4071
FDP59,OUT019,310.6057
FDS19,OUT018,1073.0305
FDM60,OUT045,635.17535
FDJ44,OUT018,2552.3623
DRH51,OUT017,1446.9824
DRC25,OUT017,1419.3052
DRE25,OUT013,1450.3163
NCX05,OUT049,1693.4717
FDR11,OUT017,2615.8267
DRP47,OUT045,3708.324
DRC49,OUT019,404.71405
FDQ47,OUT027,1078.635
FDL20,OUT013,1674.9053
FDM34,OUT035,2247.595
NCN55,OUT013,3789.4165
FDD41,OUT035,1676.6466
FDE52,OUT049,1451.5773
NCT18,OUT019,427.3548
FDJ32,OUT018,755.71747
FDE16,OUT046,3442.9421
FDZ09,OUT045,2507.9575
DRZ11,OUT046,2085.684
FDK41,OUT049,1401.9447
FDE56,OUT049,1062.9286
FDH34,OUT013,3075.4287
DRI49,OUT013,1345.6177
DRI59,OUT046,3848.7925
DRC36,OUT049,2831.7324
FDS15,OUT019,343.88647
FDI07,OUT018,2787.857
FDZ15,OUT018,1589.6968
NCX41,OUT027,5546.5195
NCO29,OUT019,358.1716
FDF57,OUT013,2599.469
FDI33,OUT035,1480.3512
DRJ47,OUT049,2677.995
FDB34,OUT046,1358.4283
FDY22,OUT027,3337.0505
DRL11,OUT017,2493.9202
FDY46,OUT035,3165.9067
FDG17,OUT013,4412.399
FDE52,OUT018,1272.5374
DRP47,OUT027,5293.8335
FDO01,OUT010,363.2434
FDL09,OUT046,2623.706
FDR57,OUT013,2563.3486
DRD37,OUT035,856.4954
FDQ36,OUT027,1129.6803
FDL33,OUT049,3067.6821
FDL48,OUT045,770.8767
FDL28,OUT049,3909.896
NCN29,OUT046,770.68713
FDO13,OUT035,2745.6306
FDB38,OUT045,2559.3418
FDI36,OUT035,3115.5745
FDI58,OUT035,1445.8999
FDH22,OUT018,1823.4451
FDQ27,OUT013,1707.9708
FDT33,OUT046,2640.1562
FDC56,OUT045,1911.2018
FDF14,OUT046,2452.3203
FDQ39,OUT017,3153.0183
NCM43,OUT017,2649.7395
FDS46,OUT035,2182.572
FDI22,OUT049,3569.0977
NCE43,OUT045,2608.2632
FDZ36,OUT010,476.38132
FDR13,OUT019,367.6365
FDP46,OUT018,1193.7953
FDW56,OUT019,468.44382
FDB40,OUT017,2531.3225
FDM28,OUT018,2423.281
FDV49,OUT013,5048.5635
NCS53,OUT018,2263.0146
FDO03,OUT049,4393.923
FDT15,OUT035,3036.1904
FDD33,OUT049,3840.663
FDX13,OUT017,4217.766
FDH60,OUT013,3054.7573
DRH51,OUT046,1274.9266
NCL07,OUT049,730.3324
FDW51,OUT045,3478.2969
FDF21,OUT019,450.6668
FDH26,OUT019,362.38315
FDJ03,OUT049,872.8359
FDU35,OUT017,1556.6262
DRL01,OUT018,3516.1948
FDE59,OUT045,594.77954
FDI60,OUT035,1061.3595
DRH39,OUT035,1293.075
FDK36,OUT049,739.8462
FDN52,OUT045,1366.5992
FDU12,OUT017,4462.994
NCT05,OUT027,5684.879
FDS37,OUT027,2872.288
FDK24,OUT017,824.3835
DRF36,OUT013,3075.4287
FDN46,OUT010,284.33533
NCN06,OUT045,2500.9824
FDD59,OUT035,1480.5203
FDM14,OUT045,1648.7395
FDO10,OUT018,773.41376
FDU35,OUT013,1480.996
NCA30,OUT018,2702.8416
NCO41,OUT049,1561.2361
FDI24,OUT046,2736.8428
FDZ16,OUT046,3061.6924
FDV47,OUT046,1333.4425
FDV16,OUT045,668.607
FDZ22,OUT035,1477.8007
FDO20,OUT010,990.7416
FDW38,OUT013,942.44965
FDW52,OUT045,2605.1113
FDT43,OUT019,174.46408
NCS29,OUT045,3965.003
NCC31,OUT017,2464.1694
FDA21,OUT017,3150.0583
FDQ55,OUT046,1773.5442
NCE54,OUT049,1318.9442
FDD45,OUT017,1605.0442
NCP17,OUT017,1111.8806
FDR47,OUT035,3064.2412
DRM35,OUT013,2622.741
FDR47,OUT019,464.6974
FDX19,OUT010,541.9176
FDV22,OUT027,4137.9854
FDQ46,OUT027,2834.1345
DRO47,OUT045,1692.4412
FDB44,OUT010,590.98267
FDN02,OUT010,500.75272
FDW10,OUT045,2753.2866
FDJ41,OUT019,757.9792
FDM50,OUT046,931.0309
FDW10,OUT035,2921.365
FDY48,OUT049,1732.325
NCE30,OUT027,5322.1865
FDO04,OUT045,826.1056
FDQ26,OUT010,130.68246
NCX29,OUT018,2059.9658
FDE39,OUT046,1818.3059
NCR54,OUT027,5381.624
NCP55,OUT027,1561.5679
FDX22,OUT017,3593.7795
FDI05,OUT035,1079.5426
FDC51,OUT027,3443.4614
FDC10,OUT013,1939.464
FDJ46,OUT045,2776.7783
FDV10,OUT010,30.354687
FDX12,OUT027,5888.0596
FDL43,OUT019,194.32385
DRB13,OUT046,2930.9282
FDF59,OUT027,3250.5317
FDT35,OUT049,2698.179
NCJ19,OUT035,920.7447
FDT35,OUT018,2541.471
FDI48,OUT046,785.32837
DRC24,OUT019,411.9076
NCZ05,OUT017,1729.6445
FDJ57,OUT049,3032.7278
FDX11,OUT017,3187.7773
FDE09,OUT035,1749.4319
NCK06,OUT049,2151.8005
DRE37,OUT017,3186.123
FDV56,OUT046,1676.4875
FDY43,OUT017,2715.2466
FDV35,OUT013,2355.5337
FDF05,OUT019,746.4452
FDA36,OUT035,3021.8872
FDS13,OUT027,6465.796
FDU47,OUT013,2108.5215
FDI36,OUT010,505.76544
FDH48,OUT046,1339.2942
FDZ14,OUT013,2060.3906
FDS46,OUT013,2062.0999
FDE21,OUT017,1813.9259
FDA26,OUT049,3521.8162
FDV12,OUT046,1582.3206
FDL46,OUT019,425.60522
FDN57,OUT013,2063.0974
NCJ18,OUT017,1740.6785
FDO36,OUT045,2764.028
FDX55,OUT018,3143.687
FDT25,OUT019,315.06628
FDD16,OUT049,1164.0074
NCX18,OUT013,3019.7424
NCG55,OUT018,1539.3788
NCV18,OUT049,1401.9447
NCS18,OUT035,1702.3328
FDC37,OUT045,1631.7437
FDE47,OUT046,2054.0996
DRG49,OUT019,625.75476
FDC39,OUT049,3574.7476
FDH24,OUT019,450.59415
FDV39,OUT027,5532.895
NCL17,OUT045,2056.082
NCY53,OUT035,1793.49
FDH52,OUT013,1060.781
NCD19,OUT018,661.22736
FDI44,OUT046,1237.9879
DRD49,OUT027,5783.107
FDN08,OUT035,1742.1531
FDO20,OUT027,6154.571
FDY02,OUT046,3732.475
FDX23,OUT045,1423.4435
FDX01,OUT017,2033.3297
FDH20,OUT027,2480.593
NCX41,OUT017,3532.6943
FDD21,OUT027,2876.318
DRH11,OUT019,121.55653
DRE60,OUT018,3284.707
FDB10,OUT013,3789.4165
FDH38,OUT013,1719.8676
NCL07,OUT018,487.43622
FDD48,OUT046,1744.739
NCT54,OUT027,2369.0608
FDF32,OUT027,5396.833
DRH51,OUT045,1356.3837
DRG03,OUT035,2505.113
NCY42,OUT019,361.34644
FDH32,OUT017,1622.5831
NCJ06,OUT027,3222.5017
FDH47,OUT027,2489.424
FDZ08,OUT018,1211.8179
FDK16,OUT017,1637.9581
DRG01,OUT018,1050.5127
NCM53,OUT027,2540.857
NCB07,OUT035,3078.503
NCZ06,OUT035,3782.9185
FDU48,OUT049,2124.2031
NCB55,OUT027,1605.2025
FDP15,OUT013,3879.2673
FDF17,OUT046,2879.0823
NCN06,OUT049,2543.9946
DRM48,OUT018,496.2669
FDH10,OUT046,3052.144
FDC60,OUT018,1231.5438
FDE35,OUT018,773.41376
DRI23,OUT013,2314.7078
NCR38,OUT013,3802.5833
FDP04,OUT035,1055.5752
NCW17,OUT045,2087.193
FDX34,OUT017,2153.0596
NCK53,OUT045,1591.8756
NCO54,OUT010,108.07981
NCH55,OUT046,2083.5518
FDT44,OUT027,2856.077
DRG49,OUT046,3763.934
FDX46,OUT010,132.39168
DRG36,OUT049,2896.655
FDU37,OUT049,1346.1587
FDK10,OUT049,3033.8145
DRF37,OUT027,6518.831
FDC44,OUT035,1798.3905
FDP15,OUT046,4202.1494
FDZ27,OUT027,1346.9315
FDY22,OUT019,400.49722
DRG51,OUT035,2773.1301
FDN58,OUT045,3849.4539
FDW01,OUT049,2412.6995
FDX24,OUT018,1250.4376
FDO51,OUT017,717.3803
FDJ52,OUT027,3989.891
NCY06,OUT010,350.88434
FDE20,OUT018,2536.3267
FDT23,OUT010,192.50468
FDQ51,OUT046,814.0604
FDE35,OUT046,969.1815
FDB46,OUT013,3166.728
NCG19,OUT035,3706.2427
NCL06,OUT018,3408.1978
FDT36,OUT019,-170.68494
FDC56,OUT049,2103.6177
FDJ26,OUT049,3446.8289
FDZ59,OUT017,2746.5798
FDV11,OUT027,4654.4517
FDR13,OUT010,367.6365
FDI15,OUT018,3532.7502
FDF47,OUT018,3266.0352
NCB54,OUT019,290.63068
NCK19,OUT027,5388.599
FDX16,OUT017,2424.2842
FDL50,OUT045,1983.9165
NCE31,OUT035,673.7997
DRJ01,OUT049,2543.9946
FDE22,OUT013,2551.7412
FDY20,OUT019,165.50818
NCO14,OUT045,616.5207
NCR50,OUT017,2440.8008
DRM47,OUT017,3087.2966
FDO27,OUT010,321.1309
FDJ20,OUT027,3224.634
NCX17,OUT013,3804.0774
FDG59,OUT049,710.4426
FDD52,OUT045,1656.8435
FDO48,OUT017,3642.2705
FDC59,OUT019,233.98216
FDS15,OUT018,1550.1323
FDB47,OUT035,3593.8076
FDV14,OUT019,145.77647
FDB27,OUT013,3007.7034
FDA35,OUT035,2122.9116
FDN51,OUT018,3612.0068
FDO39,OUT019,491.2297
FDB28,OUT049,2984.2026
DRJ25,OUT046,796.057
FDH46,OUT027,2560.5261
FDI10,OUT045,2764.894
FDU21,OUT018,453.6484
FDD09,OUT049,2991.1177
FDD10,OUT046,2742.0679
FDN31,OUT010,474.4324
FDA46,OUT018,2744.05
FDM56,OUT046,1650.0122
FDF11,OUT010,895.5972
FDS32,OUT018,1847.1543
NCM06,OUT013,2333.8977
FDZ26,OUT045,3847.8464
FDO01,OUT013,2115.104
FDJ46,OUT049,2820.125
FDG26,OUT019,770.9434
FDZ38,OUT035,2925.8394
NCO55,OUT013,1657.1553
FDT60,OUT035,2102.5742
FDW37,OUT049,1380.7168
NCK42,OUT018,3066.9724
FDA45,OUT046,2797.146
FDW55,OUT018,4315.747
FDY44,OUT017,3179.8901
FDQ31,OUT017,1422.6671
FDM09,OUT049,2826.4473
FDH12,OUT018,1458.6082
NCQ43,OUT035,1731.2074
FDT33,OUT035,2821.3806
NCT41,OUT018,2049.044
DRJ25,OUT010,133.01079
NCQ41,OUT046,3034.197
NCN17,OUT049,1704.2083
DRO35,OUT027,2681.3757
FDU27,OUT018,710.62476
FDY43,OUT027,4327.269
FDG46,OUT035,1916.0469
DRL49,OUT018,2049.044
NCB55,OUT049,843.7999
FDK28,OUT049,4122.2847
FDO49,OUT045,850.66406
FDT03,OUT013,3076.8508
FDW33,OUT027,2574.6736
FDR02,OUT035,1754.5763
FDF50,OUT013,3050.8066
FDA40,OUT018,1216.9623
NCT53,OUT018,2294.74
FDY60,OUT035,2201.4756
FDP44,OUT027,2571.62
NCQ50,OUT045,3239.386
NCC30,OUT017,2987.0178
FDQ60,OUT018,1858.5247
FDG41,OUT046,1666.7639
FDQ03,OUT046,4198.1416
FDM03,OUT045,1696.05
FDZ51,OUT018,1323.8625
DRF51,OUT035,715.52936
FDF39,OUT017,4103.5884
FDW52,OUT035,2669.8657
FDY22,OUT049,2578.2246
FDG14,OUT013,2340.9019
FDA57,OUT017,671.3962
FDL45,OUT019,324.4039
FDX28,OUT046,1485.4242
NCQ54,OUT013,2628.6782
FDH40,OUT045,1326.9979
FDU52,OUT035,2587.133
FDT60,OUT010,331.74893
FDK08,OUT045,1561.3165
FDN04,OUT049,2842.5615
FDE50,OUT013,3103.6516
FDI16,OUT049,824.7746
FDM50,OUT049,1149.2758
NCV30,OUT049,1053.6344
FDT44,OUT013,1754.4972
FDY60,OUT013,2413.922
FDT56,OUT017,927.44446
FDV58,OUT018,2744.05
FDU04,OUT013,2077.3906
NCN05,OUT027,5502.5273
FDI53,OUT018,2288.6257
FDD34,OUT046,2581.0527
FDW47,OUT027,3179.21
FDT51,OUT027,2920.0396
FDO27,OUT013,1613.6036
NCQ18,OUT018,1478.7134
NCW05,OUT013,1671.1589
FDI15,OUT010,-15.437435
NCH43,OUT010,570.3461
FDT40,OUT049,2201.4324
NCG19,OUT017,3636.1318
NCM30,OUT035,703.55054
FDB38,OUT017,2842.9895
FDB22,OUT046,2340.8098
FDC58,OUT046,615.738
NCI29,OUT013,2113.3643
FDA23,OUT010,260.587
DRG48,OUT013,2364.3645
FDV21,OUT013,2068.485
NCG18,OUT019,249.83391
FDG40,OUT045,569.2117
FDU24,OUT018,1423.9113
FDA22,OUT049,2662.1306
FDY35,OUT046,798.3406
FDJ15,OUT045,3139.7751
NCW18,OUT018,3428.5757
FDK56,OUT018,2730.015
FDF44,OUT046,2078.484
FDP51,OUT049,2015.8845
FDU22,OUT027,2837.6123
FDM28,OUT017,2843.1826
NCL42,OUT046,3775.8364
FDJ15,OUT019,485.34464
FDI32,OUT018,1554.2677
DRL11,OUT046,2328.8713
DRO59,OUT018,800.0198
FDA07,OUT019,311.7109
NCO53,OUT013,3052.196
FDO21,OUT045,3977.1843
FDW39,OUT045,2915.6978
NCV17,OUT013,2334.7578
FDE22,OUT046,2521.268
NCB06,OUT018,2246.8074
DRF48,OUT017,3107.411
FDB05,OUT013,4224.662
FDP28,OUT027,5639.2544
FDP23,OUT046,3307.6616
NCS41,OUT018,2777.6716
FDS40,OUT018,472.41223
FDA16,OUT017,3532.6943
FDN20,OUT035,2728.4534
FDF04,OUT027,5758.95
DRG36,OUT018,2442.5154
FDW16,OUT018,1281.7942
FDU09,OUT017,900.16797
FDW01,OUT046,2379.4446
FDB15,OUT045,3005.673
NCJ17,OUT049,1401.9447
NCT18,OUT018,2721.8623
FDG16,OUT018,3159.7534
FDP27,OUT017,3163.2493
FDQ44,OUT027,3282.8237
FDL50,OUT027,3190.9712
FDW57,OUT027,4623.3496
FDS34,OUT013,1756.5883
NCV30,OUT035,1032.1329
FDD26,OUT018,2748.574
FDA03,OUT045,2305.444
FDS27,OUT018,2796.895
FDM12,OUT013,3054.7573
NCV42,OUT027,2818.3284
NCS41,OUT046,2886.914
FDN56,OUT018,1830.7036
DRK59,OUT046,3631.9524
NCG18,OUT046,1654.0116
NCN26,OUT017,1844.712
FDI60,OUT027,1786.1061
NCI43,OUT049,871.8691
NCL17,OUT049,2156.663
FDQ19,OUT019,1149.7119
FDY43,OUT049,2646.131
FDR36,OUT049,712.8434
FDJ58,OUT049,2815.592
DRY23,OUT045,640.8324
FDK26,OUT027,5964.0264
DRH03,OUT045,1452.726
FDC10,OUT010,394.96088
FDD23,OUT013,3021.02
FDP32,OUT045,1991.7537
FDO31,OUT035,1401.2229
FDQ57,OUT013,2364.3645
FDX32,OUT027,3914.6194
FDC39,OUT027,5467.7417
FDU55,OUT046,4459.5566
FDL45,OUT013,2154.1062
DRK37,OUT049,3083.8225
FDK22,OUT013,3434.696
DRG37,OUT027,4060.5017
FDK22,OUT017,3532.6943
DRH36,OUT018,867.2145
DRC36,OUT018,2523.69
DRE03,OUT027,1256.3645
FDF34,OUT046,2930.9282
FDZ22,OUT046,1333.4425
FDC44,OUT010,361.30008
FDN31,OUT027,5341.675
FDO03,OUT017,4438.105
FDA01,OUT049,930.1174
NCH42,OUT049,4284.939
FDF46,OUT018,1476.1349
DRL35,OUT046,661.30365
FDW46,OUT049,1113.3369
FDB58,OUT046,2123.7773
FDD47,OUT018,2395.9065
NCO17,OUT045,1686.1931
FDJ26,OUT017,4111.31
FDU37,OUT045,1368.7191
